0.0,0.0
0.0626843453875,0.0335774298519
0.121489204604,0.0735016076577
0.18297850742,0.109871485946
0.245420197035,0.147785873616
0.306462806409,0.185228964382
0.368866427387,0.223624998105
0.429380695056,0.261652726304
0.489758887183,0.300115280328
0.552962305536,0.34111082569
0.613485362331,0.37947832485
0.673228257754,0.41850936693
0.732464459996,0.45644703774
0.791943282831,0.494618690583
0.853493138633,0.533315009447
0.915480357507,0.572904452603
0.930700683505,0.580436237099
0.970419464636,0.546227264936
0.975535422775,0.475225851762
0.972217734289,0.400383325169
0.97503173465,0.328561497716
0.974669025067,0.255235169253
0.974259146686,0.185228775131
0.972924816249,0.113897252854
0.970474176004,0.0363958493823
0.970237042579,-0.0359939345143
1.02283428687,-0.084382393509
1.06425706445,-0.0444172284559
1.13708970897,-0.0442056561296
1.20961831356,-0.0476722525185
1.28075149186,-0.0472945247721
1.35138473219,-0.048278890309
1.42363581371,-0.0498248789077
1.49497680567,-0.0523886902063
1.56900609894,-0.0548041383196
1.64237537667,-0.0577901782254
1.71307802859,-0.0550931582975
1.78607663936,-0.0560997385976
1.85927846762,-0.0572626023591
1.92994513533,-0.0595446079915
2.00057567062,-0.0629945646785
2.03907124271,-0.0281052318526
2.12280862778,-0.0284328820226
2.19318821034,-0.0317878995357
2.27218030721,-0.0309926300205
2.34511284774,-0.032976418798
2.41729927879,-0.0331660461714
2.49065312705,-0.0333887000863
2.56295898134,-0.0337728744894
2.63297151913,-0.0341817385805
2.70542286264,-0.0343226382088
2.77875769141,-0.0344676169757
2.85095367434,-0.0350988678291
2.92344512864,-0.0356424828137
2.99663390887,-0.036220033294
3.07321978838,-0.0368930741761
3.05896331877,0.0131317384869
3.01801845814,0.0429898672624
2.96547164357,0.0907127613191
2.91488515195,0.143173776282
2.8624548576,0.197047489731
2.80918667718,0.251736653593
2.75867558578,0.303226344209
2.70863806008,0.353272349142
2.6553523247,0.406020646989
2.60412403356,0.456483904703
2.55288198868,0.505780855902
2.50003910953,0.556311373943
2.44718216685,0.606894416588
2.3950635761,0.656608581757
2.34450860138,0.706643865533
2.29321749876,0.758786691488
2.24041635407,0.812380181182
2.18992946333,0.862274208576
2.13843354047,0.91225082892
2.08588953711,0.963183361367
2.03467066498,1.0114312676
1.98613247207,1.06298574553
1.93339920345,1.11405565344
1.88087819752,1.16488561787
1.82900791605,1.21509970845
1.77707935719,1.26508038578
1.72437362567,1.31578302233
1.67171550622,1.36656596062
1.6205427924,1.4179203933
1.56952379444,1.47049277388
1.51859603775,1.52300209545
1.46740332366,1.57466814785
1.41676110248,1.62526009905
1.36499808131,1.67694188644
1.31330467041,1.72869800945
1.26226238962,1.77941839197
1.21029084837,1.83102724402
1.1576130781,1.88149528951
1.10509826233,1.93061906295
1.05253712337,1.97993606553
1.0001485718,2.03134288326
0.927233489056,2.03661960079
0.942002224947,1.9881791383
0.94069920059,1.89365015611
0.937749354656,1.82146922585
0.972639543573,1.78362446338
0.978558561675,1.70550060924
0.974924467215,1.63490431998
0.974878375197,1.56211138441
0.975335308694,1.48965537763
0.975800666901,1.41642403027
0.976128639777,1.34406212859
0.977456638093,1.27204667022
0.979198026932,1.19896649885
0.980990909135,1.12666913933
0.982926359325,1.0536262605
0.985103033964,0.981948968051
0.98710565072,0.908551864191
0.988894035656,0.835882631079
0.99077425902,0.763521152369
0.993015557515,0.691621459938
0.995012309724,0.618813000798
0.998328435851,0.545560225431
0.99664709906,0.473324348306
0.994718605273,0.401384359766
0.992353056157,0.330633474505
0.989716399677,0.257859640132
0.988481012906,0.186313884846
0.986922189811,0.11377566573
0.985164205924,0.0407828827995
0.983246483354,-0.0311969817739
1.05336479774,-0.0709261673809
1.09033600689,-0.0349187012326
1.16176328085,-0.0264123437134
1.23199464263,-0.029231011631
1.30444603993,-0.0248193222403
1.37559722459,-0.0258243306577
1.44791797768,-0.0263149376082
1.52001626233,-0.0268664031684
1.59340979383,-0.0274891078436
1.66612375967,-0.0280326623356
1.7393547063,-0.0286211876992
1.8149531447,-0.0294613202696
1.88752814944,-0.0303727486466
1.95993847337,-0.0312051210431
2.03313986059,-0.0321043457594
2.10582340522,-0.0334180894353
2.17833915746,-0.03483652466
2.25143760555,-0.0363868029154
2.32471046619,-0.0380847642193
2.40060293278,-0.0400686307838
2.47597547698,-0.0421087426566
2.54769745583,-0.0443678656335
2.61874849921,-0.0472848714902
2.69134790507,-0.0495283199835
2.76351630976,-0.0475407681369
2.83967789619,-0.0461122981826
2.91199687172,-0.0445892458937
2.98427773253,-0.0426926343098
3.0565743948,-0.0407374557821
3.04836383742,0.0226492290832
3.02049970776,0.0970838188949
2.96833235803,0.092801013634
2.91686213731,0.143210040182
2.869139002,0.194961551931
2.81751986339,0.244938247724
2.76492173268,0.295841206276
2.71500975943,0.345964648376
2.66259610873,0.400251794219
2.61054149077,0.454555640369
2.55991375267,0.507528544324
2.51009047434,0.559956016722
2.46075121095,0.612290081907
2.41105818391,0.664758215531
2.36074881184,0.717832285142
2.31140318965,0.770372048792
2.26182921511,0.822640417665
2.21150535142,0.87572007605
2.160856583,0.881551396997
2.10035372681,0.936900829815
2.053136031,0.98901568327
2.00419761152,1.04104822816
1.95543508471,1.09336565278
1.90807785352,1.14574684097
1.8554190534,1.19360911614
1.79843438874,1.2609580117
1.74531188725,1.31079957218
1.69572951909,1.36370996416
1.64676762224,1.41455103162
1.5976167081,1.46772059989
1.54624275195,1.51746317735
1.49600610134,1.56710506557
1.44679035867,1.61796027314
1.39611427585,1.67071127285
1.34775813974,1.72283558757
1.29954594491,1.77430689653
1.25018411136,1.82557189366
1.20181470381,1.8777704386
1.15285167764,1.92899615904
1.10282458055,1.98259244516
1.03955085364,1.9884627302
0.986714621773,2.03586338593
0.903588568887,2.00411489735
0.937627912247,1.96466546042
0.976569040135,1.92730186681
0.983523672345,1.84984034762
0.984910357815,1.77619790021
0.988206078527,1.70356195631
0.988730399479,1.63100037626
0.989274797961,1.55881819308
0.989882510153,1.48554972394
0.990644649379,1.41321428156
0.991495058122,1.34119466091
0.992294287469,1.26859843939
0.993132745092,1.19545619108
0.994095545041,1.12350568501
0.995037095757,1.05098094109
0.996211449427,0.978405248992
0.997611852083,0.906417877817
0.999180912426,0.833016297374
1.00089557323,0.760447978087
0.971794802009,0.748189451247
0.971059917296,0.676503770629
0.973474375776,0.603571531665
0.970739074058,0.532912339718
0.967290583372,0.462464575864
0.96851997696,0.390947126761
0.969903842604,0.317870587092
0.971450193693,0.241358125748
0.974329160725,0.170899478545
0.974823567451,0.100298809463
0.97549518422,0.0237321118781
0.976163039075,-0.0462833725725
1.05283293938,-0.0872703023171
1.08970406881,-0.0513018917293
1.16024315753,-0.0459258313559
1.23046123438,-0.0494006848956
1.30057520348,-0.0471349859853
1.37226899742,-0.0440595190142
1.4487379358,-0.0446811673976
1.5220210349,-0.0453474663468
1.59477692418,-0.0462085260472
1.66723102427,-0.0472260250006
1.73892565197,-0.0484385678803
1.81139338944,-0.0499634243758
1.88652548894,-0.0519763261073
1.95738342903,-0.0542874567412
2.02803448751,-0.0573834429825
2.09926630109,-0.0607199474531
2.1381997717,-0.024492676063
2.21751992573,-0.0183647313291
2.28783634954,-0.0220907221522
2.3593620161,-0.0185100012116
2.42939755061,-0.0199175293317
2.50241531949,-0.021701075858
2.57885517254,-0.023733839588
2.65120238008,-0.0260857699377
2.72255472728,-0.0288898914546
2.7960219606,-0.0280840580385
2.86604093392,-0.0272495112045
2.93874705779,-0.0262954938057
3.01119476644,-0.0251628516845
3.07986737595,0.000514301568233
3.03786965369,0.0431709504365
2.98392432783,0.0924158484718
2.93498124735,0.143099320556
2.88317417554,0.194520281126
2.83201692999,0.245190244317
2.78086672984,0.296186383753
2.72921893572,0.347832123401
2.67811385044,0.398749892671
2.62762493719,0.449398773859
2.57664826545,0.501118147166
2.52643858574,0.552384145232
2.47387601422,0.606221299299
2.46525795272,0.615394023569
2.52715840508,0.674189670235
2.58199016846,0.719636267531
2.63799398675,0.767969257393
2.69348014192,0.817666056386
2.74653729455,0.864088253044
2.79927219433,0.913282249883
2.85292543632,0.963211703668
2.90643688142,1.01295660661
2.95912810678,1.06136655396
3.01232634957,1.10960863583
3.06650325803,1.15863127142
3.11998020597,1.20642913862
3.17446952663,1.25373332799
3.22774005924,1.3000323673
3.28208500233,1.34748977715
3.33534102591,1.39443743814
3.38926445227,1.4435143702
3.42055047088,1.47321313931
3.47999198873,1.4787089594
3.53427790346,1.42684112287
3.58169093024,1.37499936391
3.63210430477,1.32620761574
3.6821588589,1.27457290015
3.72996264818,1.2224972458
3.77959101291,1.17267934749
3.83073428652,1.12277450291
3.88271049369,1.07288708767
3.93461950309,1.02288388249
3.98731590905,0.971996610219
4.0495057159,0.938034548467
4.05619657729,0.990171145211
4.10293622893,1.04384476388
4.15942269722,1.09206321148
4.20790136363,1.14349406074
4.26089413278,1.19376648298
4.31313724602,1.24360138484
4.36769383052,1.29597036636
4.42033692458,1.34654177993
4.47254634474,1.3965515061
4.52394139364,1.44581135
4.57701366176,1.49620793381
4.62935296367,1.54547333331
4.68178605386,1.59669575834
4.687003061,1.64796542623
4.73520264322,1.70330224622
4.79498281006,1.76263775192
4.84613868645,1.81186668798
4.89885696395,1.86015872512
4.94933993585,1.91653187009
5.00375333314,1.9674814293
5.05659943938,2.01945205163
5.03587684123,2.08698751457
4.98681373967,2.06987822815
4.93626936553,2.04398281956
4.85931724907,2.06386065705
4.79230724114,2.08624729566
4.72048262468,2.10946512674
4.65108264638,2.13208771471
4.58267757581,2.15485698214
4.51516769059,2.17742702754
4.44589299936,2.20039206578
4.37755946431,2.22333012493
4.30818922134,2.24681641123
4.23914444016,2.26970185321
4.17086975493,2.2924218514
4.09898858679,2.31770750827
4.03002859696,2.34233727764
3.96125165435,2.36707232738
3.89497454099,2.39180767698
3.82702933219,2.41566105317
3.75805873042,2.43950635423
3.68907049163,2.46350439682
3.61995810957,2.48770048214
3.55189141002,2.51184305457
3.48411239443,2.53588530188
3.41612277789,2.56056033542
3.34852272192,2.58545428525
3.28043512771,2.61129044087
3.20781251751,2.63457437621
3.14137689407,2.6586777823
3.07149147339,2.68068722359
3.00344676853,2.70262967692
2.93410698579,2.72532676615
2.86565441288,2.74819199513
2.79640664639,2.77159824299
2.72803319734,2.79533639706
2.65994049867,2.81966270789
2.59203607303,2.84393525005
2.52405780589,2.86835848084
2.45387104374,2.89392870578
2.38502298013,2.91897117778
2.31795827139,2.94410975265
2.25019699427,2.9651411654
2.18160786811,2.9867824774
2.1094546591,3.00960118188
2.04092569788,3.03175927341
1.96834391874,3.05551490107
1.95191333322,3.00730267539
1.93896284854,2.93333137974
1.99136302635,2.92993790236
2.0524163949,2.87719144514
2.10392875076,2.82819099084
2.15681767118,2.77338206543
2.20815010437,2.72146079575
2.25866616907,2.67026595814
2.30933102245,2.61821806315
2.36246667739,2.56346273441
2.41268691187,2.51186451086
2.46375724046,2.45941514549
2.51418781927,2.40746746387
2.56458715508,2.35581930759
2.61479427295,2.30426935571
2.6674544811,2.24966452831
2.71807011483,2.19705497311
2.76910001072,2.19358206695
2.82755049894,2.14388846745
2.87591747363,2.09068258298
2.92677285171,2.03794209949
2.97758276394,1.9872395488
3.03158614856,1.93314469999
3.08333208966,1.88129701759
3.134297567,1.83014544349
3.18589715126,1.77833521606
3.23659704541,1.72732572475
3.28748331805,1.67560528498
3.34101265459,1.62108693963
3.39216554468,1.56894604625
3.44355948631,1.51654550156
3.49631800285,1.46753232065
3.54696473052,1.41572018973
3.59721520668,1.36423115773
3.64832716335,1.31181737462
3.69874097249,1.26015022451
3.74880432033,1.20880424371
3.79936884796,1.15669551151
3.85014846019,1.10429991265
3.90095579848,1.05186225875
3.95204430314,0.999137313438
4.00080035088,0.948386461697
4.07243508377,0.947229187261
4.0770019272,1.00959553262
4.12789405861,1.06544147501
4.17972380069,1.11291660241
4.23036781138,1.1633308415
4.27789024941,1.21520056202
4.3276808361,1.2680318296
4.37870842029,1.31858535932
4.43448494016,1.37403778107
4.48778207836,1.42504866331
4.54001520949,1.47256641088
4.59255858982,1.5248526256
4.64409012836,1.57669357191
4.69464464622,1.62560972489
4.74647249148,1.67308258615
4.79663868686,1.72523783877
4.84890445764,1.77614975816
4.90153615216,1.82678838876
4.95475316936,1.87613050475
5.01983150446,1.94385671972
5.07048584402,1.99231356536
5.01845384397,2.05654695255
5.01624313757,2.06612749365
5.01495385094,2.13692492564
5.01405247591,2.2100584046
5.0125788784,2.28493365635
5.01095741486,2.35693764712
5.00940535889,2.42954282077
5.00771630942,2.50140459018
5.005723853,2.5766741923
5.00368279197,2.64880660039
5.00151874234,2.72183711544
4.99875081058,2.79206832791
4.99835221043,2.86540258468
4.99776223612,2.94133636605
5.00710852543,2.99889474364