
0.657, 1.499982092392258, -4.547551918063894e-08
0.7240000000000001, 1.4999806513752136, -4.6465940845591729e-08
0.7240000000000001, 1.4999806513752136, -4.6465940845591729e-08
0.758, 1.4999804307750497, 2.9852004236365453e-07
0.791, 1.4999806879812783, 3.2849135109354386e-07
0.8240000000000001, 1.4999806882012416, 3.4396259993430833e-07
0.8550000000000001, 1.499980685020929, 3.6239875992540839e-07
0.89, 1.4999806818345183, 3.8115580733917427e-07
0.923, 1.4999806786278049, 4.0004452638459428e-07
0.9570000000000001, 1.4999806753206979, 4.1952662029064752e-07
0.9570000000000001, 1.4999806753206979, 4.1952662029064752e-07
0.9900000000000001, 1.4999806721103748, 4.3843885359019056e-07
1.057, 1.4999806655922472, 4.768375851659813e-07
1.091, 1.4999806623817968, 4.9575051923357966e-07
1.124, 1.4999806591713312, 5.146635070464174e-07
1.158, 1.4999806558635633, 5.3414966981865286e-07
1.19, 1.4999806526530681, 5.53062761916882e-07
1.224, 1.4999806494425583, 5.7197590432519705e-07
1.258, 1.4999806461347451, 5.9146222439877205e-07
1.291, 1.499980642924206, 6.1037546738738539e-07
1.324, 1.4999806397136528, 6.2928875937981237e-07
1.357, 1.4999724039463551, 6.1052707808188754e-07
1.391, 1.4999372981139221, 6.275948444712063e-07
1.4220000000000002, 1.4998589334509231, 6.6338867017063125e-07
1.457, 1.4997173069754626, 7.0115614562347449e-07
1.491, 1.4995037356166663, 7.4287248722638613e-07
1.5230000000000001, 1.4992130836400481, 7.7220743279448891e-07
1.557, 1.4988364448249596, 7.9837256844527947e-07
1.5910000000000002, 1.4983962278860006, 8.2864540352119033e-07
1.623, 1.4978863011844044, 8.5281946128422369e-07
1.658, 1.4972914671659603, 8.8648648526883121e-07
1.691, 1.4966467129370165, 9.2376983181115696e-07
1.723, 1.4959396877629973, 9.6528937860958092e-07
1.7570000000000001, 1.4951496257645027, 9.9914246252498125e-07
1.79, 1.4943223820456772, 1.0354100139138887e-06
1.823, 1.4934392811982042, 1.0762684302466689e-06
1.8570000000000002, 1.492473251715037, 1.118843066529418e-06
1.8900000000000001, 1.4914806026147858, 1.1602441382223715e-06
1.923, 1.4904378827470295, 1.2024781320649922e-06
1.949, 1.4893130018790897, 1.2456751828586328e-06
1.9900000000000002, 1.4881713816434632, 1.2873983538312184e-06
2.023, 1.486984830978612, 1.335925484375486e-06
2.057, 1.4857187598714681, 1.378198182963001e-06
2.09, 1.4844503433934872, 1.4176191321299913e-06
2.123, 1.4831508732649485, 1.4554116295470429e-06
2.157, 1.4817805097622774, 1.497160280334967e-06
2.19, 1.4804151862673547, 1.5376314610854326e-06
2.223, 1.47902649587294, 1.5771552807974166e-06
2.258, 1.477581455737532, 1.617454954717651e-06
2.29, 1.4761675117670454, 1.6541758152805591e-06
2.323, 1.4747486318300351, 1.6892410163031903e-06
2.357, 1.4732835546511327, 1.7231890570776872e-06
2.391, 1.4718587830677061, 1.7533725330081248e-06
2.423, 1.4704365485105566, 1.7812489432999439e-06
2.457, 1.4689759437994145, 1.8058967386574604e-06
2.49, 1.4675647188502836, 1.8205100380132164e-06
2.524, 1.4661648624636321, 1.8245727098981265e-06
2.557, 1.4647351509749873, 1.823717174454649e-06
2.59, 1.4633606400256312, 1.8207145986304756e-06
2.623, 1.4620032565475809, 1.8146294804121541e-06
2.657, 1.4606221054389736, 1.7839899487326263e-06
2.69, 1.459298362193151, 1.7616668960787777e-06
2.723, 1.4579955584669626, 1.7452701623491315e-06
2.757, 1.4566761116704172, 1.7159738319138234e-06
2.79, 1.4554186845910542, 1.6467857641438722e-06
2.824, 1.4541878947218549, 1.5485884703953048e-06
2.857, 1.4529454688330039, 1.4508728248850002e-06
2.89, 1.4517593563274209, 1.4161926768878809e-06
2.923, 1.4506068542824953, 1.2941260408525002e-06
2.957, 1.4494446811638617, 1.1906972976952634e-06
2.99, 1.448354053018498, 6.49575043002833e-07
3.023, 1.4473198772935885, 1.7020600909936256e-06
3.058, 1.4463306522953392, 3.9444285529836163e-06
3.09, 1.4454015994364176, 5.0375899051206547e-06
3.12, 1.4444704209662698, 5.539572148616726e-06
3.157, 1.4434874360666128, 5.6003663379165726e-06
3.191, 1.4425416006789213, 5.5591448840854102e-06
3.223, 1.4416244766999868, 5.4798041097358887e-06
3.258, 1.440708789356997, 5.3937260628534903e-06
3.29, 1.4398486137785507, 5.320996326526558e-06
3.323, 1.4390180585575492, 5.2545746931622653e-06
3.357, 1.4381918488190129, 5.2012404412142272e-06
3.39, 1.4374179407444199, 5.1456560324116795e-06
3.423, 1.4366725089757719, 5.094269258171623e-06
3.458, 1.4359328223303094, 5.038645548357907e-06
3.49, 1.4352421180432207, 4.9999233595965186e-06
3.523, 1.4345790695045779, 4.9670607963622022e-06
3.558, 1.4339233861172409, 4.9390648556312995e-06
3.591, 1.4333134429804777, 4.9164493724240738e-06
3.623, 1.4327292806636256, 4.8979033899316605e-06
3.657, 1.4321537806699494, 4.8823531119897274e-06
3.69, 1.4316208097783616, 4.8702948361900463e-06
3.723, 1.4311134781329549, 4.860742943855734e-06
3.757, 1.4306162569203815, 4.8530659697856534e-06
3.79, 1.4301582656285401, 4.8471151009409552e-06
3.823, 1.4297247841373935, 4.8420988618713315e-06
3.857, 1.429302559728209, 4.837340380675606e-06
3.89, 1.4289154574636411, 4.8378448070522536e-06
3.923, 1.4285515961997293, 4.8562973177907195e-06
3.957, 1.4282000527476304, 4.8897444278010427e-06
3.99, 1.4278814675465372, 4.9326721357818229e-06
4.023, 1.4275843716127945, 4.9823950061121902e-06
4.058, 1.4273004035534727, 5.0507804253908375e-06
4.091, 1.4270464170775596, 5.1290951276422504e-06
4.124, 1.4268136617117446, 5.230544460655053e-06
4.157, 1.426595047804682, 5.2090381354060121e-06
4.19, 1.4264034591156662, 5.1666788584875185e-06
4.223, 1.4262319366622171, 5.1117335687494941e-06
4.257, 1.4260752644084589, 5.0359806978519884e-06
4.29, 1.4259426086751983, 4.9379379216282109e-06
4.323, 1.4258285241394524, 4.8192028382729452e-06
4.357, 1.4257288560197889, 4.6628729784623189e-06
4.39, 1.4256481587959078, 4.4658979505954399e-06
4.4190000000000005, 1.4255816694936396, 4.2421104780547231e-06
4.457, 1.4255268951491624, 3.9766885698893608e-06
4.49, 1.425486679964191, 3.6784594776295952e-06
4.523, 1.4254585856661883, 3.3158703645764728e-06
4.557, 1.4254402656347049, 2.8823264699435952e-06
4.59, 1.4254129321589148, 1.7114836421762288e-06
4.623, 1.4254218748061167, 1.7461157842453471e-06
4.657, 1.4254649019485441, 2.2123022537197895e-06
4.69, 1.425523998615787, 2.6922745826614488e-06
4.723, 1.4255992482240021, 3.2026902518123259e-06
4.757, 1.4256933611853193, 3.7574761308413134e-06
4.79, 1.4258011881404684, 4.3194428590274805e-06
4.823, 1.4259238390283322, 4.8924424167450456e-06
4.857, 1.4260659559404676, 5.4886830231368377e-06
4.891, 1.4262195942656573, 6.068237003620955e-06
4.923, 1.4263879456037205, 6.6404488185999363e-06
4.958, 1.4265763678418042, 7.2155196147741678e-06
4.99, 1.4267741189220051, 7.7554654379883549e-06
5.023, 1.4269857003849151, 8.2711190279188579e-06
5.057, 1.4272178109276823, 8.7722635699274258e-06
5.09, 1.4274569549999256, 9.2259101466772192e-06
5.124, 1.4277091008035265, 9.6429024283773747e-06
5.157, 1.427982230831357, 1.0030923350758206e-05
5.19, 1.4282606976571472, 1.0365091004928402e-05
5.223, 1.4285514142251954, 1.0654296933330649e-05
5.258, 1.4288863484700476, 1.0918750252203917e-05
5.291, 1.429202195016037, 1.111350933440912e-05
5.323, 1.4295284491704989, 1.1258424032027704e-05
5.357, 1.4298764961517982, 1.1354483799484039e-05
5.39, 1.4302255578975875, 1.1395257549438099e-05
5.423, 1.4305855064364554, 1.1383796893936184e-05
5.457, 1.4309677536201453, 1.1317041747228067e-05
5.489, 1.431350342690765, 1.1198679592057589e-05
5.523, 1.4317424718536322, 1.1028313424081495e-05
5.557, 1.4321572537357454, 1.0798477069552491e-05
5.59, 1.4325709230617594, 1.0522499458978128e-05
5.623, 1.4329944138765978, 1.0195818265440516e-05
5.657, 1.4334410290975352, 9.807115656751013e-06
5.69, 1.4338850798426617, 9.3793619908488201e-06
5.723, 1.434337580108435, 8.9047943832132756e-06
5.757, 1.4348135325675342, 8.3674051607909304e-06
5.791, 1.4352856231197952, 7.7987426730955331e-06
5.824, 1.4357665250285325, 7.1866279335383017e-06
5.857, 1.4362713276579706, 6.5119075670195337e-06
5.89, 1.4367709531540287, 5.8143256408667775e-06
5.923, 1.4372787578088888, 5.0782444656563512e-06
5.957, 1.4378107941766056, 4.2792340660869616e-06
5.99, 1.4383364055047234, 3.4651717839800528e-06
6.023, 1.4388698640820103, 2.617526504318799e-06
6.057, 1.4394278542143701, 1.7051731762673756e-06
6.091, 1.4399783084197932, 7.8861605377674113e-07
6.123, 1.4405361937560457, -1.5412195704734645e-07
6.157, 1.4411189378001881, -1.1605705244611753e-06
6.19, 1.4416932363793618, -2.1601559599017768e-06
6.223, 1.4422744586933971, -3.1510769101863156e-06
6.257, 1.4428807023582246, -4.1899138946986837e-06
6.29, 1.4434768755202758, -5.2208073446548298e-06
6.323, 1.4440783566991575, -6.2835599748640102e-06
6.357, 1.4447059723843954, -7.4047664395087345e-06
6.39, 1.445321218534853, -8.5302445827345447e-06
6.423, 1.4459427235933218, -9.6922915839048887e-06
6.457, 1.4465828794520434, -1.1065187187816976e-05
6.491, 1.447192349011859, -1.2779744756639872e-05
6.523, 1.447771792015573, -1.5875469031255986e-05
6.558, 1.4483160753663271, -2.2377808146505729e-05
6.59, 1.4487818524030267, -2.780527247483408e-05
6.623, 1.4492058641112178, -2.8245963568935238e-05
6.658, 1.4496219225413662, -2.5537979198391689e-05
6.69, 1.4500248847763737, -2.3605911899072314e-05
6.724, 1.4504455620279519, -2.224645819430888e-05
6.757, 1.4509171868361737, -2.1409777751138677e-05
6.79, 1.4514314295247757, -2.1163478812679318e-05
6.823, 1.4520207404009522, -2.1501871165044159e-05
6.857, 1.4527256713685199, -2.2492429222736544e-05
6.89, 1.4534908760684502, -2.3896192979270459e-05
6.924, 1.4542586359421994, -2.5492685180208817e-05
6.957, 1.4550517891488304, -2.7142618755766637e-05
6.99, 1.4558255408208407, -2.8672207780991129e-05
7.023, 1.4566024205865669, -3.0192938405560369e-05
7.058, 1.4574067900357497, -3.1753134599407675e-05
7.091, 1.4581922431196739, -3.3257863088925643e-05
7.124, 1.4589807765057421, -3.4746696910529464e-05
7.157, 1.4597970439355257, -3.6265948437399363e-05
7.19, 1.4605930803957856, -3.7723831851547041e-05
7.223, 1.4613921092549218, -3.9163284520935936e-05
7.257, 1.4622192697537346, -4.0628839111895417e-05
7.29, 1.4630268791098684, -4.2034746045703538e-05
7.323, 1.4638375835210353, -4.341993978968505e-05
7.357, 1.4646767836420991, -4.4827487818833027e-05
7.39, 1.465496129457962, -4.6177265189022307e-05
7.423, 1.4663186412712907, -4.7498029670153539e-05
7.457, 1.4671700944437536, -4.8835580161819691e-05
7.491, 1.4680004435240344, -5.0111276834692392e-05
7.523, 1.4688338780998462, -5.1363007227078253e-05
7.557, 1.4696964925556106, -5.2628878568968809e-05
7.59, 1.4705376867994706, -5.383498789867805e-05
7.623, 1.4713810877463558, -5.5015713388335737e-05
7.658, 1.4722540429354725, -5.6208427638096918e-05
7.691, 1.473105330496441, -5.7343570063875258e-05
7.723, 1.4739597263204969, -5.8455503130565573e-05
7.758, 1.4748440624276773, -5.9578738717333416e-05
7.79, 1.475707313998859, -6.0649244230235856e-05
7.822, 1.476573642637276, -6.1698478841621605e-05
7.857, 1.477470156923276, -6.2758735040593222e-05
7.89, 1.4783441701686888, -6.3769447658583087e-05
7.923, 1.4792211031522355, -6.4760353314783663e-05
7.958, 1.4801284835406001, -6.5762534899834588e-05
7.99, 1.4810139675635436, -6.6718898058493531e-05
8.023, 1.4819023508683136, -6.7658147975026826e-05
8.058, 1.4828214226543377, -6.8609842033843523e-05
8.091, 1.4837171849124748, -6.9517265845382931e-05
8.123, 1.4846156476301411, -7.0409603803384281e-05
8.157, 1.4855449937610199, -7.1314880535150452e-05
8.19, 1.4864515820242599, -7.2182038343893823e-05
8.223, 1.4873608165203331, -7.3037072950890688e-05
8.258, 1.4883011377198767, -7.3907548689675328e-05
8.29, 1.489218256870195, -7.4743429558742566e-05
8.323, 1.4901378798696341, -7.5569495063984701e-05
8.357, 1.4910887545849911, -7.6412063121134797e-05
8.39, 1.4920159753259363, -7.7223619393857956e-05
8.423, 1.4929455441805317, -7.802868156309583e-05
8.457, 1.493906515849367, -7.8852393711580559e-05
8.49, 1.494843396058821, -7.9648229054542146e-05
8.523, 1.4957824716894361, -8.0440263017652304e-05
8.557, 1.496753083364166, -8.1253379392123365e-05
8.59, 1.4976990317145844, -8.2040469881361732e-05
8.623, 1.4986464800589314, -8.2822497824144728e-05
8.657, 1.4996240545662458, -8.3628508861061896e-05
8.691, 1.5005748400040528, -8.4418820802926309e-05
8.723, 1.5015263912364056, -8.5208580677272394e-05
8.757, 1.5025097755224608, -8.6023812891666794e-05
8.79, 1.5034674128302354, -8.6818349941431282e-05
8.823, 1.5044271391756883, -8.7616419059419174e-05
8.857, 1.5054190884662624, -8.8444387493627133e-05
8.887, 1.5063850026380803, -8.9254096051439436e-05
8.923, 1.5073529399618637, -9.0069770132865867e-05
8.957, 1.5083532730452212, -9.0917397366710036e-05
8.99, 1.5093281461058057, -9.1748284830648125e-05
9.023, 1.5103050308689556, -9.2586256479949039e-05
9.058, 1.5113144790855666, -9.3457109369025429e-05
9.09, 1.5122982099743028, -9.4310558111815996e-05
9.123, 1.5132838546586855, -9.517105427137773e-05
9.157, 1.5143022161539299, -9.6065187726916066e-05
9.19, 1.5152944801877626, -9.6941158421070579e-05
9.223, 1.5162885309475302, -9.7823051334157399e-05
9.257, 1.5173154308553156, -9.8737880707461224e-05
9.29, 1.518315875937831, -9.9633560047991421e-05
9.324, 1.5193179871265172, -0.00010053404268412039
9.357, 1.5203530780057473, -0.00010146678760164716
9.39, 1.5213603830008786, -0.00010237706955429292
9.423, 1.522369209816189, -0.00010329054750557902
9.457, 1.523411177415775, -0.0001042356362574914
9.491, 1.5244260083242209, -0.00010515335856532923
9.523, 1.5254423189722723, -0.00010607260735242956
9.557, 1.5264918515229682, -0.00010702538631403514
9.59, 1.5275129684112918, -0.00010795245949063865
9.623, 1.5285352911335972, -0.00010887749341809463
9.657, 1.5295907992495179, -0.00010982837247952427
9.69, 1.5306185099462533, -0.00011074795977100073
9.723, 1.5316473379903914, -0.00011166032156203703
9.757, 1.5327094004443467, -0.00011259293556407808
9.79, 1.5337433441590287, -0.00011348869913588816
9.823, 1.5347782772156862, -0.00011437449749317571
9.857, 1.5358465073311978, -0.00011527355817549367
9.891, 1.5368863235051222, -0.00011613236537242991
9.923, 1.5379269988048274, -0.0001169808118612218
9.957, 1.5390010054230367, -0.00011783630263753489
9.99, 1.5400462747568819, -0.00011866761156270981
10.023, 1.5410913825283161, -0.00011947384268317599
10.057, 1.5421697338223277, -0.00012032369037797275
10.09, 1.5432192499920987, -0.0001211167557343485
10.123, 1.5442691629222214, -0.00012188913816954945
10.157, 1.5453521290197556, -0.00012268108289951259
10.19, 1.5464033806602229, -0.0001234033054728885
10.223, 1.5474480298813305, -0.00012438790705706206
10.257, 1.5485100340261446, -0.00012573533634379833
10.29, 1.5495101379375238, -0.00012941942975342382
10.324, 1.5504510517316201, -0.00013471167217324293
10.357, 1.5513707284608345, -0.00013311318720865084
10.391, 1.5522542984637706, -0.00013199906867509477
10.423, 1.5531590990907524, -0.00013151640799104598
10.457, 1.5541435739021483, -0.00013153192436615537
10.49, 1.5551745248560445, -0.00013205112970008246
10.523, 1.5562656049252859, -0.00013289430221869334
10.557, 1.5573890713026388, -0.00013381841999157644
10.59, 1.558481561937118, -0.00013463916376828646
10.623, 1.5595739312046093, -0.00013540590454283938
10.657, 1.5607001590785941, -0.00013616287392584833
10.69, 1.5617951397619889, -0.00013685052347381922
10.723, 1.5628898350918654, -0.00013748987735621554
10.757, 1.564018419191457, -0.00013810240874057679
10.79, 1.5651156901735763, -0.0001386507327149754
10.823, 1.5662118128947717, -0.00013915222152846143
10.857, 1.567341939420748, -0.00013962425921092961
10.884, 1.5684409339673808, -0.00014004094085359135
10.923, 1.569539018465512, -0.00014040237470405514
10.957, 1.5706713968605903, -0.00014072853311344172
10.99, 1.5717727355136262, -0.00014100109473003295
11.023, 1.572874113533637, -0.00014123115663978013
11.058, 1.5740098997818617, -0.00014142649012871794
11.09, 1.5751144220471196, -0.00014157843279619453
11.123, 1.576218835314265, -0.00014169466208947061
11.157, 1.5773576051108464, -0.00014177915153220242
11.19, 1.5784649014830343, -0.00014182887984871327
11.223, 1.5795719677973714, -0.00014184899915241215
11.257, 1.580713341723025, -0.00014184134489126642
11.29, 1.5818230356470275, -0.0001418077124024384
11.323, 1.5829323631728112, -0.00014175016531543265
11.357, 1.5840759263134123, -0.00014166791611724939
11.39, 1.5851876049703442, -0.00014156713424730186
11.423, 1.5862987778676534, -0.0001414480065670621
11.457, 1.5874440911267726, -0.00014130723329298378
11.49, 1.5885573020524977, -0.00014115499803529381
11.523, 1.5896698260607711, -0.0001409901156719595
11.557, 1.5908163410985272, -0.00014080736281477769
11.59, 1.5919305358232627, -0.00014061994608306126
11.623, 1.5930438607148956, -0.00014042328256140551
11.657, 1.5941910083841682, -0.00014021343372993666
11.69, 1.5953056037218929, -0.0001400027113609724
11.723, 1.5964190652108845, -0.0001397868797138313
11.757, 1.5975656956849384, -0.00013956999400523734
11.791, 1.5986781820830793, -0.00013936582470267881
11.822, 1.599788049963607, -0.00013915063378396107
11.857, 1.6009309168764549, -0.00013892868634317199
11.89, 1.602041269141468, -0.00013871080822461156
11.923, 1.6031504895906186, -0.00013849051342865691
11.957, 1.6042931321037781, -0.00013826031725544836
11.991, 1.6054022102395173, -0.00013803359058533996
12.023, 1.6065099288371711, -0.00013780360222671618
12.057, 1.6076509042298257, -0.00013756301937565724
12.09, 1.6087591352110673, -0.00013732607479196495
12.123, 1.6098659440775949, -0.00013708609213574103
12.157, 1.6110058023293252, -0.00013683511007593822
12.19, 1.6121127603103422, -0.00013658813868212727
12.223, 1.6132181281816071, -0.00013633750298835278
12.257, 1.6143563525549218, -0.00013607556845105496
12.29, 1.6154615851336229, -0.00013581760762678042
12.323, 1.6165650983594761, -0.00013555587564051866
12.357, 1.6177012839352127, -0.00013528199541403308
12.39, 1.6188044036851152, -0.00013501415786750304
12.423, 1.6199056763465522, -0.00013474310626146552
12.457, 1.6210394153489307, -0.00013446030989728523
12.49, 1.6221400255328886, -0.00013418220416535018
12.523, 1.6232378858767911, -0.00013390041856791338
12.557, 1.6243679655306067, -0.00013360638692618121
12.59, 1.6254649404127097, -0.00013331786552236787
12.623, 1.6265598686231955, -0.00013302596968054549
12.657, 1.6276868382614453, -0.00013272410674775601
12.691, 1.6287806267167508, -0.00013242820443280833
12.723, 1.6298721819019195, -0.00013212560073096218
12.757, 1.6309954214745053, -0.00013180827807624383
12.79, 1.6320852678862543, -0.00013149335582266058
12.822, 1.6331725787369087, -0.0001311721410214599
12.857, 1.6342913063530786, -0.00013083539225482933
12.89, 1.6353765942609333, -0.0001305030013546847
12.923, 1.6364584564102118, -0.00013016515179622106
12.957, 1.637571290393149, -0.00012981166571965239
12.99, 1.6386507582322634, -0.00012948580182220074
13.023, 1.639727468859882, -0.00012915672074898532
13.057, 1.6408349214644784, -0.00012880864716588572
13.09, 1.6419090127482407, -0.00012845533701291717
13.123, 1.6429802257854826, -0.00012810073928584537
13.157, 1.644081825978045, -0.00012775441227849083
13.19, 1.6451500537491086, -0.00012742557289165403
13.224, 1.6462150795953947, -0.00012710552397747913
13.257, 1.6473100486299936, -0.00012673029772919002
13.29, 1.648371755814598, -0.00012640639638349539
13.323, 1.6494284868096847, -0.00012611070935317101
13.357, 1.6505064708387869, -0.00012600897696664521
13.391, 1.6515359891554977, -0.00012638329657898347
13.423, 1.6525279284995016, -0.0001297622992120896
13.457, 1.653484263304827, -0.00013224091786184181
13.49, 1.6543733450161937, -0.00012965912508734775
13.523, 1.6552599940876471, -0.00012785061877359559
13.557, 1.656201630235703, -0.00012650246655484645
13.59, 1.6571700355835723, -0.00012559618118472852
13.623, 1.658208856246479, -0.00012507539109514346
13.657, 1.6592980977569887, -0.0001244624335462823
13.69, 1.660353966643962, -0.00012404047094612521
13.723, 1.6614055335413089, -0.00012356221922417367
13.757, 1.662485749985523, -0.00012305952140386444
13.79, 1.663532134990177, -0.00012255634843282869
13.823, 1.6645746493556643, -0.00012202981790902598
13.857, 1.6656457446005277, -0.00012146804667235154
13.891, 1.6666835286572252, -0.00012090067687897716
13.923, 1.6677175669240718, -0.00012031541673490552
13.958, 1.6687800768788736, -0.00011969578834101114
13.99, 1.6698089226188353, -0.00011907769116913531
14.023, 1.6708341522337007, -0.00011844989778029122
14.057, 1.6718878460176887, -0.00011778251978570164
14.09, 1.6729091161480916, -0.00011711759000844237
14.123, 1.6739269980237088, -0.00011647092700229234
14.155, 1.6749732073203054, -0.0001158096820100347
14.19, 1.6759872110584229, -0.00011516290433812921
14.221, 1.676997849302011, -0.00011450899890311918
14.257, 1.6780366189700233, -0.00011382686314556636
14.29, 1.6790427225033544, -0.00011315723919240806
14.323, 1.6800454890418099, -0.00011248084577046829
14.357, 1.6810762230487661, -0.0001117758202944005
14.39, 1.6820752854407224, -0.00011108428700773074
14.423, 1.6830710809494549, -0.00011038588820491001
14.457, 1.6840946353339676, -0.0001096599588056746
14.49, 1.6850867381441035, -0.0001089090857293786
14.523, 1.6860755948919159, -0.00010814766537879214
14.557, 1.6870920092489043, -0.00010735712716767733
14.59, 1.6880764880885126, -0.00010658584516204281
14.623, 1.6890576975412308, -0.00010581378504637926
14.657, 1.6900662521573424, -0.00010501883196550451
14.69, 1.691043768088331, -0.00010424886106007765
14.723, 1.6920180098073414, -0.00010348402269976705
14.757, 1.693019438523826, -0.00010270249914315646
14.79, 1.6939899707459007, -0.00010195120500492665
14.823, 1.6949571885179857, -0.00010121046843296381
14.857, 1.6959512096239491, -0.00010045849608146911
14.89, 1.6969144999667611, -9.9740285597330687e-05
14.923, 1.6978744495521751, -9.903610206304491e-05
14.958, 1.6988610639979749, -9.8326419815783638e-05
14.99, 1.6998171219777505, -9.765390336177561e-05
15.024, 1.7007698110199219, -9.7000154479840825e-05
15.057, 1.7017487898015518, -9.634699776954414e-05
15.09, 1.70269738026396, -9.5733528221275395e-05
15.123, 1.7036425437092044, -9.5142700224598714e-05
15.158, 1.7046136677709278, -9.4558449056221527e-05
15.191, 1.7055541729165005, -9.401608849788025e-05
15.223, 1.7064900460027452, -9.3501297401332834e-05
15.257, 1.7074497956678591, -9.3002010315113836e-05
15.29, 1.7083781924277923, -9.2546819398978388e-05
15.323, 1.7093028160029409, -9.2121374495348084e-05
15.357, 1.7102531606514761, -9.1714156922667551e-05
15.391, 1.7111742254395597, -9.1349207540805121e-05
15.423, 1.7120921774248232, -9.1015556114868736e-05
15.457, 1.7130355905903742, -9.0706262279953949e-05
15.49, 1.7139498485183127, -9.043884005856594e-05
15.523, 1.7148603647570355, -9.0204851396760228e-05
15.557, 1.7157960503297303, -8.9998605295330502e-05
15.59, 1.7167027966025121, -8.9832332280523127e-05
15.623, 1.7176063905977796, -8.9699957417476838e-05
15.657, 1.7185349707535233, -8.9598902581289688e-05
15.69, 1.7194347918768356, -8.9535227995067422e-05
15.723, 1.7203314473094153, -8.9505695749370596e-05
15.757, 1.7212528601322097, -8.9510398680634813e-05
15.79, 1.7221457010119268, -8.9549146984244579e-05
15.823, 1.7230348049578357, -8.9621029089134098e-05
15.857, 1.7239484142345842, -8.9729340010445357e-05
15.89, 1.7248336957263628, -8.98674515438526e-05
15.923, 1.7257158327221718, -9.0037416370210979e-05
15.957, 1.7266222938168401, -9.0245294883328192e-05
15.99, 1.7275006111991731, -9.0478478296986269e-05
16.023, 1.7283752185611065, -9.0741219017088391e-05
16.057, 1.7292738896850646, -9.1042179093223297e-05
16.09, 1.7301446474504001, -9.1362705468609037e-05
16.123, 1.7310122496285802, -9.1709717016819005e-05
16.157, 1.7319036843624462, -9.2095113921997153e-05
16.19, 1.7327673407798461, -9.2494786017969569e-05
16.223, 1.733627735907463, -9.2918896166861281e-05
16.257, 1.7345115848465937, -9.3378952401372651e-05
16.29, 1.7353676854689575, -9.3846761200826474e-05
16.323, 1.7362203748957596, -9.4333051265401842e-05
16.357, 1.7370961771246776, -9.4852044147071218e-05
16.39, 1.7379443986945888, -9.5372160958527615e-05
16.423000000000002, 1.7387891943379741, -9.5906020233036464e-05
16.457, 1.7396568557912344, -9.6469115872703252e-05
16.49, 1.7404971641196401, -9.7027325867067574e-05
16.523, 1.7413340521421412, -9.75946147395362e-05
16.557, 1.7421935642301289, -9.8187326259879275e-05
16.59, 1.7430259562224446, -9.875215762723702e-05
16.623, 1.7438549367547251, -9.9305200889793379e-05
16.657, 1.7447062956114419, -9.9874260022739451e-05
16.69, 1.7455307653861818, -0.00010043387976126153
16.723, 1.7463518493946877, -0.00010100364109981298
16.757, 1.74719515917962, -0.00010161072908313948
16.79, 1.74801176982302, -0.00010221377973427233
16.823, 1.7488248612164625, -0.00010282957170247578
16.858, 1.7496598191659021, -0.00010348428850065582
16.89, 1.7504685401896627, -0.00010413620854865868
16.924, 1.7512734361352578, -0.00010480280775478043
16.957, 1.7520995328446891, -0.000105507751921147
16.991, 1.7528973334197362, -0.00010624947859370647
17.023, 1.7536847952923349, -0.0001071477042343424
17.057, 1.7544753266480431, -0.0001086054401084871
17.09, 1.755203321234728, -0.00011354438538566858
17.123, 1.7558699477691753, -0.00012093034611561763
17.157, 1.7565024276134686, -0.00011996333477178454
17.19, 1.7570937781757512, -0.00011796820799172786
17.223, 1.7576862477458466, -0.00011665979893837159
17.258, 1.7583207780441428, -0.00011586697350337937
17.29, 1.7589816252180543, -0.00011559378050940685
17.323, 1.7597058147463953, -0.0001157938410643143
17.357, 1.7605253994798784, -0.00011649175078626177
17.39, 1.7613283012330214, -0.00011725761882291956
17.423000000000002, 1.7621268821786555, -0.00011800878784803774
17.457, 1.7629435409632506, -0.0001187119615143701
17.49, 1.7637313389926754, -0.00011940448098909871
17.523, 1.7645140889969995, -0.00012007829794078254
17.557, 1.7653171165534287, -0.00012074695676012687
17.59, 1.7660940328641697, -0.00012136833549718854
17.624, 1.7668671432579122, -0.00012195734752828627
17.658, 1.7676604816334014, -0.00012253661908053433
17.691, 1.7684281871693486, -0.00012306920547003379
17.723, 1.7691921995673503, -0.00012357160714001302
17.757, 1.76997630424621, -0.00012406018359140263
17.79, 1.7707351602784154, -0.00012450462731192232
17.823, 1.7714904438851411, -0.00012491976609089011
17.857, 1.7722656943858872, -0.00012531747698698545
17.89, 1.7730156034831774, -0.00012567701658660333
17.923000000000002, 1.773761646692317, -0.00012600496123143533
17.958, 1.7745276227352627, -0.0001263048855040756
17.99, 1.7752692596883426, -0.00012656448882751245
18.024, 1.7760077123874305, -0.00012679321728042175
18.057, 1.7767659922497547, -0.00012699767877497468
18.09, 1.7775002168283782, -0.00012716605160491629
18.124, 1.778231312010462, -0.00012730556399775762
18.157, 1.7789820314195481, -0.00012742010620892837
18.19, 1.7797088985407588, -0.00012750375890071761
18.223, 1.7804326209841803, -0.00012756130813431827
18.257, 1.7811757454634307, -0.00012759387182040673
18.29, 1.7818952697180885, -0.00012760003531996894
18.323, 1.7826112750194805, -0.00012758206027549984
18.357, 1.7833465049611585, -0.00012753895610065873
18.39, 1.784058447860569, -0.00012747374901072426
18.423000000000002, 1.7847674021847024, -0.00012738659312782445
18.457, 1.7854954545805126, -0.00012727436143317386
18.49, 1.7862004697802485, -0.00012714422558450945
18.523, 1.7869021138247223, -0.00012699438733975224
18.557, 1.7876222268526305, -0.00012681981727828633
18.59, 1.7883195886371421, -0.00012663080016971827
18.623, 1.7890141568036899, -0.00012642364717259101
18.653, 1.7897275169221154, -0.00012619136580170018
18.69, 1.7904183752289646, -0.00012594795611271123
18.723, 1.7911064151179321, -0.00012568836808103876
18.757, 1.7918130669643593, -0.00012540360969855472
18.79, 1.7924974319709328, -0.00012511031607584627
18.823, 1.7931790077609828, -0.00012480256050139815
18.856, 1.7938790218047571, -0.00012446983718851127
18.89, 1.7945569583076049, -0.00012413213505673546
18.923000000000002, 1.7952321331994607, -0.00012378154023921889
18.957, 1.7959255759688246, -0.00012340715256337929
18.99, 1.7965971523305182, -0.00012303089218206731
19.023, 1.7972659941099893, -0.00012264301990989594
19.057, 1.7979529329812038, -0.00012223099187697674
19.09, 1.7986182109150812, -0.00012181966043759092
19.123, 1.7992803756205415, -0.0001213991384103368
19.157, 1.7999604509119949, -0.00012095507003174516
19.19, 1.8006191092990127, -0.00012051417061753734
19.224, 1.8012751141000147, -0.00012006528097164536
19.257, 1.8019488966676276, -0.0001195939220059986
19.29, 1.8026010360130482, -0.00011912866081420418
19.323, 1.803250537749006, -0.00011865616377525347
19.358, 1.8039176650252227, -0.000118162678125778
19.39, 1.8045633876049842, -0.00011767823963176115
19.423000000000002, 1.805206127021467, -0.00011718933903781562
19.457, 1.8058663222279283, -0.00011667979780945337
19.489, 1.8065057935051463, -0.00011617988525226524
19.523, 1.807142746504445, -0.000115676371294378
19.557, 1.8077970116700364, -0.0001151531750507033
19.59, 1.808430760633797, -0.00011464741486234421
19.623, 1.8090619838378663, -0.0001141456915279492
19.657, 1.8097103276076094, -0.00011362663261259786
19.689, 1.8103382589280281, -0.00011312082937528419
19.723, 1.8109636569693162, -0.00011261250759919282
19.757, 1.8116059919942447, -0.00011208650537477967
19.79, 1.8122276759238531, -0.00011157396266093164
19.823, 1.8128468182774951, -0.0001110593933430395
19.857, 1.8134827323131009, -0.00011052714458347647
19.89, 1.8140986034313897, -0.00011000896879134163
19.923000000000002, 1.8147119673963765, -0.00010948903031532471
19.957, 1.8153419139953242, -0.00010895164238745464
19.99, 1.815951533802626, -0.00010842766644409077
20.023, 1.8165587142665336, -0.00010790048107828275
20.057, 1.8171822175227266, -0.00010735764245124651
20.09, 1.8177857911016131, -0.00010683033125258495
20.124, 1.8183864199691091, -0.00010630398066901582
20.157, 1.8190020870962835, -0.00010581999743117395
20.19, 1.8195961241740095, -0.00010528318031729106
20.223, 1.8201852538015146, -0.00010471742921095285
20.257, 1.8207880712026785, -0.0001041437560120555
20.29, 1.8213704001840532, -0.00010359702957192834
20.323, 1.8219500112003586, -0.00010305845236063109
20.357, 1.8225459078120769, -0.00010250618517859693
20.39, 1.8231235923342226, -0.00010196788589320499
20.423000000000002, 1.8236994452227981, -0.00010142651949586262
20.458, 1.8242913503033433, -0.00010086667062376032
20.49, 1.824864986310631, -0.00010032186956576407
20.524, 1.8254366087389045, -9.9775343475258285e-05
20.557, 1.8260239822524369, -9.9210348961974477e-05
20.59, 1.8265927232417798, -9.8660781102331775e-05
20.623, 1.8271590257168913, -9.8110138911249319e-05
20.658, 1.8277408910155555, -9.7541697344957813e-05
20.689, 1.82830466312383, -9.6988967625210467e-05
20.723, 1.8288663743691547, -9.6435072137189757e-05
20.757, 1.8294435077082625, -9.5863000329335978e-05
20.791, 1.8300026515865964, -9.5306859633504298e-05
20.823, 1.8305597105208906, -9.4750491270752946e-05
20.857, 1.8311320235429567, -9.4162655498539777e-05
20.89, 1.8316865026837561, -9.3586058667348846e-05
20.923000000000002, 1.8322388760465602, -9.3008264965184804e-05
20.957, 1.8328063264588823, -9.2411501940719898e-05
20.99, 1.8333560014814902, -9.1830783664587751e-05
21.023, 1.8339035361942784, -9.1250580964361385e-05
21.057, 1.83446596239104, -9.065270594511012e-05
21.09, 1.83501072006071, -9.0071853908416888e-05
21.123, 1.835552971438057, -8.9492399464150102e-05
21.157, 1.836109879856747, -8.8896505697497655e-05
21.19, 1.8366492206963116, -8.8318231667165219e-05
21.223, 1.8371863467870901, -8.7741548405103717e-05
21.257, 1.8377379671193481, -8.7148161182096356e-05
21.29, 1.8382721478637745, -8.6572649817640422e-05
21.323, 1.8388041028546775, -8.5998830895126112e-05
21.357, 1.8393503842554257, -8.5408715101026171e-05
21.391, 1.8398793705155894, -8.4836593613967252e-05
21.423000000000002, 1.840406131300018, -8.4266280226663105e-05
21.457, 1.8409470584900625, -8.3680070184279854e-05
21.49, 1.8414708425040964, -8.3111843512353361e-05
21.523, 1.8419924075557039, -8.2545638692242611e-05
21.557, 1.8425279838191431, -8.1963827592733765e-05
21.59, 1.8430465727496943, -8.1400051217078416e-05
21.623, 1.8435629518681154, -8.0838483938386977e-05
21.657, 1.8440931906257745, -8.0261590528187178e-05
21.691, 1.8446066002624255, -7.9702748889375687e-05
21.723, 1.8451178126326264, -7.9146255089750325e-05
21.758, 1.8456427347598565, -7.857479706088627e-05
21.79, 1.8461509878470883, -7.8021368501148856e-05
21.824, 1.8466570604970751, -7.7471266291224684e-05
21.857, 1.8471766918446675, -7.6908141772152059e-05
21.89, 1.8476798154266818, -7.6364672576628156e-05
21.923000000000002, 1.8481807816624793, -7.5824401030088828e-05
21.958, 1.8486951550299955, -7.5271203893716111e-05
21.99, 1.8491928537305855, -7.4742594246113671e-05
22.023, 1.8496883950425107, -7.4218237689718764e-05
22.057, 1.85019722035731, -7.3680878424887001e-05
22.09, 1.8506898615231855, -7.3161991643394704e-05
22.123, 1.8511803385341901, -7.2647294340707919e-05
22.157, 1.8516839968166448, -7.2118251332647514e-05
22.19, 1.8521716898935923, -7.1605183621908155e-05
22.223, 1.8526731279468553, -7.1058327397260286e-05
22.257, 1.8531678001813752, -7.0541877758233503e-05
22.29, 1.8536541001077191, -7.0024577552660366e-05
22.323, 1.8541306435429477, -6.9566833854784623e-05
22.358, 1.8546252173219928, -6.9023221257334292e-05
22.39, 1.8550997466558792, -6.854277804133368e-05
22.423000000000002, 1.8555690750431395, -6.8055056842173653e-05
22.457, 1.8560451266291027, -6.7652494676495616e-05
22.49, 1.8564946817039716, -6.760091429810217e-05
22.523, 1.8569183594972125, -6.8816965388180922e-05
22.557, 1.8573119082820351, -7.3488756103592644e-05
22.59, 1.8576376433452657, -8.4842623151025489e-05
22.623, 1.8579025140542147, -9.4453728421164002e-05
22.657, 1.8581255299216162, -9.3015042151979894e-05
22.69, 1.8583099201340159, -8.7850048386744841e-05
22.723, 1.8584763884288007, -8.3710984062129821e-05
22.757, 1.8586435311965213, -8.020374354060939e-05
22.79, 1.8588148454759883, -7.7290631782307676e-05
22.823, 1.8590084427754294, -7.4648961314674478e-05
22.857, 1.8592453232997632, -7.2366700510342514e-05
22.89, 1.8595254256151359, -7.0569010708985383e-05
22.923000000000002, 1.8598687880301579, -6.9159290481100334e-05
22.957, 1.8603030719316191, -6.8043386461878015e-05
22.991, 1.8608084068735578, -6.7307196831871614e-05
23.023, 1.8613442588173574, -6.6770767754247167e-05
23.057, 1.8618911250577757, -6.6161078631045216e-05
23.09, 1.8624167491515593, -6.5550282001735637e-05
23.123, 1.8629370779632501, -6.494500740956818e-05
23.157, 1.8634685202403078, -6.4330763705543374e-05
23.19, 1.8639799372079906, -6.3742101042888602e-05
23.223, 1.8644865432201965, -6.3165344091477746e-05
23.257, 1.8650041834381734, -6.2582710293681136e-05
23.29, 1.8655029147422277, -6.2025380436991592e-05
23.323, 1.8659970189387456, -6.1475802915992594e-05
23.357, 1.8665021498400025, -6.0916835610750913e-05
23.39, 1.8669888881581242, -6.0381456002288497e-05
23.423000000000002, 1.8674715826465944, -5.985381834824555e-05
23.458, 1.8679652642187665, -5.9317954338275534e-05
23.49, 1.868441378443007, -5.8805192722192002e-05
23.523, 1.868913651132059, -5.8300621162753254e-05
23.557, 1.8693968422814127, -5.7788944271821382e-05
23.591, 1.8698629753350287, -5.7299945033014769e-05
23.623, 1.8703255086269708, -5.6819473312131729e-05
23.657, 1.87079888152956, -5.633306292614367e-05
23.69, 1.8712557505878054, -5.5868910039666198e-05
23.724, 1.871709288572404, -5.5413575595856391e-05
23.757, 1.8721736510119897, -5.4953327447056605e-05
23.788, 1.8726219641506598, -5.4514843623795963e-05
23.823, 1.8730671043923732, -5.4085576250732815e-05
23.857, 1.8735229150799801, -5.3652698161737252e-05
23.89, 1.8739628671990363, -5.3241618955674482e-05
23.923000000000002, 1.8743991973124989, -5.2841503573042672e-05
23.957, 1.8748446887521184, -5.2444862420829671e-05
23.99, 1.875272506145838, -5.2079474317123264e-05
24.023, 1.875694517237589, -5.1732425651112866e-05
24.057, 1.8761237093642105, -5.139023134217739e-05
24.09, 1.8765354291189524, -5.1071114165636247e-05
24.123, 1.8769422741021029, -5.0764155269824352e-05
24.157, 1.8773578310604908, -5.0458908037447822e-05
24.19, 1.8777592507369136, -5.0171799916165998e-05
24.223, 1.8781593001299639, -4.9893376393452984e-05
24.257, 1.8785707114839105, -4.9615249551006831e-05
24.29, 1.8789696716337201, -4.9353539180146209e-05
24.323, 1.8793674644063449, -4.9100439817020891e-05
24.357, 1.8797764464754765, -4.8848347930335439e-05
24.39, 1.8801729159980067, -4.8611789088725859e-05
24.423000000000002, 1.8805681061628283, -4.8383612602190838e-05
24.457, 1.8809742979866368, -4.8156951797678126e-05
24.491, 1.8813679551953777, -4.7944813735728059e-05
24.523, 1.8817602469792156, -4.7740683504329226e-05
24.558, 1.8821633694166711, -4.7538352718437239e-05
24.59, 1.8825539689430064, -4.7349372637872656e-05
24.623, 1.8829429093817109, -4.7167961077234422e-05
24.657, 1.8833425113258366, -4.698842931438907e-05
24.69, 1.8837296499508911, -4.6820948923170607e-05
24.723, 1.8841153284129069, -4.6660239252423202e-05
24.757, 1.8845115434973378, -4.6501243942143335e-05
24.79, 1.8848953490624423, -4.6352918822053197e-05
24.823, 1.8852776602290064, -4.6210538711633644e-05
24.857, 1.8856704320460052, -4.6069607126697226e-05
24.887, 1.8860508647655729, -4.5937923241342993e-05
24.923000000000002, 1.8864297791494629, -4.5811286750001401e-05
24.957, 1.8868189687604495, -4.5685574506916372e-05
24.99, 1.8871958994504328, -4.556780974243072e-05
25.013, 1.8875713018450813, -4.5454161704972867e-05
25.057, 1.887956861503902, -4.5340949201857071e-05
25.09, 1.8883302555054513, -4.5234490082238268e-05
25.123, 1.888702116994557, -4.5131289652061795e-05
25.157, 1.8890840217609481, -4.5027986618938364e-05
25.19, 1.8894536254599736, -4.4930397095305577e-05
25.224, 1.8898216972349593, -4.4835273531544074e-05
25.257, 1.8901997192352666, -4.4739461028832725e-05
25.289, 1.8905658079657681, -4.464830494683937e-05
25.323, 1.8909303889740001, -4.4558895536105453e-05
25.357, 1.891304811800085, -4.4468307627754699e-05
25.39, 1.8916673996481417, -4.4381736486352902e-05
25.423000000000002, 1.8920284811779275, -4.4296245234830202e-05
25.457, 1.8923992980044115, -4.4208983320167588e-05
25.491, 1.8927583829909509, -4.4124888034312514e-05
25.523, 1.8931159657391583, -4.4041266867712255e-05
25.557, 1.8934831799334244, -4.3955274644737971e-05
25.59, 1.893838767910677, -4.3871755471275653e-05
25.623, 1.8941928620413744, -4.3783044469276783e-05
25.657, 1.8945564895061837, -4.3684278683405593e-05
25.69, 1.8949086026195541, -4.3586613470146663e-05
25.723, 1.8952592356777391, -4.3488934202823038e-05
25.757, 1.8956193066032336, -4.3387488511374226e-05
25.79, 1.8959677519177027, -4.3286728217151014e-05
25.823, 1.8963147258497821, -4.3184756079180138e-05
25.857, 1.8966710520087271, -4.3078509757542563e-05
25.89, 1.897016105895774, -4.2973487164304092e-05
25.923000000000002, 1.8973597200753258, -4.2868457737531706e-05
25.957, 1.8977125927638594, -4.2759559852998998e-05
25.99, 1.8980542973295167, -4.2650951365722014e-05
26.023, 1.8983945705311056, -4.254179372089995e-05
26.057, 1.898744008479442, -4.2428564207281123e-05
26.09, 1.8990821682006163, -4.2317266941876042e-05
26.123, 1.8994189048418488, -4.2204982860024113e-05
26.158, 1.8997647223237888, -4.2088477254767479e-05
26.19, 1.9000996043038496, -4.1973822262327596e-05
26.223, 1.9004331259495963, -4.1858376173629841e-05
26.257, 1.9007756395138824, -4.1738791277016131e-05
26.29, 1.901107316235358, -4.1621300005096666e-05
26.323, 1.9014376065087439, -4.1503082873369224e-05
26.358, 1.9017767958524092, -4.1380721811071519e-05
26.39, 1.9021050407197917, -4.1260906403311831e-05
26.424, 1.9024319077247449, -4.1140775881988502e-05
26.457, 1.902767592820251, -4.1015540914472589e-05
26.491, 1.90309266652128, -4.0893194835108757e-05
26.523, 1.9034161949884996, -4.077098617371191e-05
26.557, 1.9037484454804823, -4.0644147493547038e-05
26.59, 1.9040702019362534, -4.0519455886166589e-05
26.624, 1.9043906314106365, -4.0394559703123231e-05
26.658, 1.9047197117526717, -4.0265707581493027e-05
26.69, 1.9050383942297218, -4.0139852469606139e-05
26.723, 1.9053557575756797, -4.0013396144231484e-05
26.757, 1.9056816842352724, -3.9882922402087947e-05
26.79, 1.905997308127938, -3.9755678223656396e-05
26.823, 1.9063116213142031, -3.9627888199454549e-05
26.857, 1.9066344113373446, -3.9496128183406905e-05
26.89, 1.9069469937600707, -3.936780300536752e-05
26.923000000000002, 1.9072582743813058, -3.9238971200717558e-05
26.955, 1.907577946506565, -3.9106764724796726e-05
26.99, 1.9078875058677605, -3.8977216091188484e-05
27.023, 1.9081957727224834, -3.8847552737920547e-05
27.056, 1.9085123463929998, -3.8714146113373004e-05
27.09, 1.9088187065756443, -3.8584521674335073e-05
27.123, 1.9091237809594863, -3.8454534822883376e-05
27.157, 1.9094370855634986, -3.8320786539348916e-05
27.19, 1.9097404856800619, -3.8191024184068723e-05
27.223, 1.9100426249414917, -3.8060905577239246e-05
27.257, 1.9103529114125848, -3.7927056801740826e-05
27.29, 1.9106533840724618, -3.7797344510808604e-05
27.324, 1.910952603530556, -3.7667331876291148e-05
27.357, 1.9112598869289759, -3.753366196501829e-05
27.39, 1.9115574471033898, -3.74042710449193e-05
27.423000000000002, 1.9118537620946983, -3.7274638959611427e-05
27.457, 1.9121580585397566, -3.7141435726397796e-05
27.49, 1.9124527219417975, -3.7012643182953001e-05
27.523, 1.9127459721545634, -3.688352824462936e-05
27.557, 1.9130471108487082, -3.6751057167589226e-05
27.59, 1.9133387166860611, -3.6623175878826814e-05
27.623, 1.9136290901608652, -3.649518144656936e-05
27.657, 1.9139272534638259, -3.6363776888033076e-05
27.691, 1.9142159701188426, -3.623715159845563e-05
27.723, 1.9145033628934169, -3.6110484481462352e-05
27.757, 1.9147983165653735, -3.5980765177330512e-05
27.788, 1.9150836948380867, -3.585619266921289e-05
27.823, 1.9153675947289621, -3.5731767904448342e-05
27.857, 1.9156588096202973, -3.5604129170630159e-05
27.89, 1.9159404489587502, -3.5481347205362308e-05
27.924, 1.9162205547326872, -3.5358789081621336e-05
27.958, 1.916507859524571, -3.5233326173953481e-05
27.99, 1.9167857612830868, -3.5112865303093628e-05
28.023, 1.9170620512396768, -3.4992468913508012e-05
28.057, 1.9173453659173003, -3.4869247859172105e-05
28.09, 1.9176195073176423, -3.4751343139824497e-05
28.123, 1.9178923422782392, -3.463384848707571e-05
28.158, 1.9181723839927232, -3.451359575998508e-05
28.19, 1.9184434406538498, -3.4398236233101133e-05
28.224, 1.9187132622787662, -3.428388197476349e-05
28.257, 1.918990265620073, -3.4165628014868227e-05
28.291, 1.9192584311797496, -3.4052576200674466e-05
28.323, 1.9195254184703932, -3.3939961999229918e-05
28.353, 1.9197995525535421, -3.3824624662283325e-05
28.39, 1.92006479682975, -3.3713710921385807e-05
28.423000000000002, 1.9203287355518723, -3.3603700446286039e-05
28.457, 1.9205997758644298, -3.3490290085587617e-05
28.49, 1.9208622481610265, -3.3382840724204968e-05
28.523, 1.9211236363074182, -3.3276120878529284e-05
28.557, 1.9213920832580671, -3.3167596164532355e-05
28.59, 1.9216518811953709, -3.3061642491799239e-05
28.623, 1.9219106046956971, -3.2957269939892003e-05
28.657, 1.922176322911024, -3.2849948994919252e-05
28.69, 1.9224336523484804, -3.2746122920610615e-05
28.724, 1.9226899203167969, -3.2643270366690765e-05
28.757, 1.9229531018242503, -3.2538189936528642e-05
28.79, 1.9232079575322298, -3.2437503157599977e-05
28.823, 1.9234617440884361, -3.233732055985836e-05
28.857, 1.923722359084642, -3.2234831464926962e-05
28.89, 1.9239747126823268, -3.213666144597789e-05
28.923000000000002, 1.9242259931333452, -3.2039041569662551e-05
28.957, 1.9244840214473604, -3.1939211738562732e-05
28.99, 1.9247337010380727, -3.1843470980004305e-05
29.023, 1.9249823060039077, -3.1748327261791683e-05
29.057, 1.9252375888317164, -3.1651211247280586e-05
29.09, 1.9254847896935108, -3.1558562044251775e-05
29.123, 1.9257309336862496, -3.1466213482884345e-05
29.157, 1.92598368170888, -3.1373025364434863e-05
29.19, 1.9262284016701858, -3.1278506924829425e-05
29.223, 1.9264720688716623, -3.1178425887162801e-05
29.257, 1.9267222701105133, -3.1075795305834213e-05
29.29, 1.9269645217298226, -3.097669422217799e-05
29.323, 1.9272057285876791, -3.0878455162825682e-05
29.357, 1.9274534008344146, -3.0778153605823511e-05
29.39, 1.9276930481502315, -3.0681792411626679e-05
29.423000000000002, 1.927931657415819, -3.0586659646800326e-05
29.457, 1.9281766694039251, -3.048992600813845e-05
29.49, 1.9284139022356881, -3.0397314291566846e-05
29.523, 1.9286501168100698, -3.0306271511367406e-05
29.557, 1.9288926674804201, -3.0214099647966428e-05
29.589, 1.929127515934778, -3.0126222087090769e-05
29.623, 1.9293613528236104, -3.0040174079439381e-05
29.655, 1.9296014573057449, -2.9953395407042259e-05
29.69, 1.9298339109646923, -2.9870972147350657e-05
29.722, 1.9300653206030123, -2.979052963765067e-05
29.757, 1.9303029074896234, -2.9709722180956353e-05
29.79, 1.9305329069048782, -2.9633344500711767e-05
29.823, 1.9307618125946648, -2.9559142385894771e-05
29.855, 1.9309966988359546, -2.9484886361444047e-05
29.89, 1.9312238537700515, -2.9415125439987413e-05
29.923000000000002, 1.9314494958674711, -2.9347227705194973e-05
29.957, 1.9316801898815874, -2.9278287473893655e-05
29.99, 1.9319019003765738, -2.921265891919697e-05
30.023, 1.9321202725744577, -2.9151519697768194e-05
30.057, 1.9323410794561235, -2.9104485829308516e-05
30.09, 1.9325504050168172, -2.9085262598715905e-05
30.123, 1.9327539565132292, -2.9088219642602273e-05
30.157, 1.9329577235464954, -2.9109504555964435e-05
30.19, 1.9331497589643682, -2.9144781925652039e-05
30.223, 1.9333360387356253, -2.9190646853349147e-05
30.257, 1.9335226602857343, -2.9245353851388775e-05
30.29, 1.9336993156547557, -2.9303460389766001e-05
30.323, 1.9338720662210322, -2.9364277455983195e-05
30.357, 1.9340472130834678, -2.9374395904851231e-05
30.39, 1.9342157577901611, -2.9327892759543377e-05
30.423000000000002, 1.9343839246322614, -2.9304176906496589e-05
30.458, 1.9345584948577275, -2.9315119868776448e-05
30.49, 1.9347306841470158, -2.9355862807082293e-05
30.523, 1.9349051304515024, -2.939768475238669e-05
30.557, 1.9350871733966355, -2.9440750250954325e-05
30.591, 1.9352661773770419, -2.947963952534168e-05
30.623, 1.9354469185629057, -2.9517703112397801e-05
30.657, 1.9356349199515039, -2.9557858852919618e-05
30.69, 1.9358192047979359, -2.9595925189034715e-05
30.723, 1.9360047509859373, -2.9633307319269363e-05
30.757, 1.9361972499684299, -2.9671301232980886e-05
30.79, 1.936385482958531, -2.9707142863434162e-05
30.823, 1.9365745914072752, -2.9740572371521093e-05
30.857, 1.9367703939118281, -2.9774885935957669e-05
30.89, 1.9369613666101382, -2.9805413576994554e-05
30.923000000000002, 1.9371528958199611, -2.9840507267547441e-05
30.957, 1.937350899854356, -2.9896355179290475e-05
30.99, 1.9375438663922504, -2.9951057380069437e-05
31.023, 1.9377371432179165, -3.0005774063764666e-05
31.057, 1.9379366992616438, -3.0063396230710389e-05
31.09, 1.9381309878242086, -3.012002362219007e-05
31.123, 1.938325377312754, -3.0176758547278379e-05
31.157, 1.9385258752732504, -3.0234842965221452e-05
31.19, 1.9387208426215927, -3.0291090074012836e-05
31.221, 1.9389157342858949, -3.0346602572952849e-05
31.257, 1.9391165837042577, -3.0402678338269088e-05
31.29, 1.9393116102890409, -3.0455816699779235e-05
31.323, 1.9395064189671782, -3.0507713945445394e-05
31.353, 1.9397070572263106, -3.0559344213995885e-05
31.39, 1.9399018892972182, -3.0607466589946903e-05
31.423000000000002, 1.9400964002034569, -3.0653489664244122e-05
31.456, 1.9402966217172222, -3.0698482942821228e-05
31.49, 1.9404909460174564, -3.0739655604401013e-05
31.523, 1.9406848577258708, -3.0778260407523313e-05
31.558, 1.9408843739947463, -3.0814929441239061e-05
31.59, 1.9410778060905745, -3.0847231244272826e-05
31.622, 1.9412707479414932, -3.0876346593011216e-05
31.657, 1.9414691995719928, -3.0902129170061471e-05
31.69, 1.9416616625976426, -3.0923229803802834e-05
31.723, 1.9418535845681046, -3.0940488579923127e-05
31.757, 1.9420509260690937, -3.0953222015415499e-05
31.79, 1.9422422786411002, -3.096110154292941e-05
31.823, 1.9424330400843823, -3.0964350891769841e-05
31.857, 1.9426291348618263, -3.0962090276085407e-05
31.89, 1.9428192035335925, -3.0955545058477869e-05
31.923000000000002, 1.9430086381373246, -3.0943960585052444e-05
31.957, 1.94320332561652, -3.092685781379681e-05
31.99, 1.943391990210906, -3.0904854496689058e-05
32.023, 1.9435799891533865, -3.0878230026072894e-05
32.057, 1.9437731665312452, -3.0844815524818898e-05
32.09, 1.9439603350400458, -3.0806924063101804e-05
32.123, 1.9441468132048147, -3.0764401489711552e-05
32.157, 1.9443383989199843, -3.0714545714709808e-05
32.191, 1.9445239982044138, -3.0660557966825278e-05
32.223, 1.9447088881973573, -3.0601977096933542e-05
32.257, 1.9448988184320115, -3.0535533354777103e-05
32.29, 1.9450827919634248, -3.0465289218220679e-05
32.323, 1.9452659315895355, -3.0390884207302851e-05
32.357, 1.9454540421151714, -3.0307808190012024e-05
32.391, 1.9456362422888576, -3.0221424298192302e-05
32.423, 1.9458177170387629, -3.0130290235591916e-05
32.457, 1.9460041104159482, -3.0031469172876803e-05
32.49, 1.9461846495710882, -2.9929530511586549e-05
32.523, 1.9463644561314739, -2.9823248956846927e-05
32.557, 1.9465490092499893, -2.9708734950773249e-05
32.59, 1.9467277333171855, -2.9591599326429469e-05
32.623, 1.9469057265070771, -2.9470024749270996e-05
32.656, 1.9470885234067605, -2.9339985950533644e-05
32.69, 1.9472655459386301, -2.9209014903117028e-05
32.723, 1.9474417305996217, -2.9073915432910327e-05
32.757, 1.9476226559088854, -2.8930939032064037e-05
32.79, 1.9477977524675996, -2.8786923745025769e-05
32.823, 1.9479721206205229, -2.8638837343465994e-05
32.857, 1.9481511887594272, -2.8482967538713952e-05
32.891, 1.9483245969845626, -2.8326663753546795e-05
32.923, 1.9484973079317534, -2.8165363437713795e-05
32.957, 1.9486746653148124, -2.7996475362492256e-05
32.99, 1.9488464227132336, -2.7828088081414726e-05
33.023, 1.9490174639584754, -2.7654725909224464e-05
33.057, 1.949193096764446, -2.7473561274350164e-05
33.09, 1.9493630510383673, -2.729395277876701e-05
33.121, 1.9495322839691647, -2.7110046008479805e-05
33.157, 1.9497060653527585, -2.6920998629254376e-05
33.19, 1.9498743354170835, -2.6734883400807565e-05
33.223, 1.9500418969218398, -2.654503967746632e-05
33.258, 1.9502139593106318, -2.6346281283342567e-05
33.29, 1.950380555970203, -2.615163420880229e-05
33.324, 1.9505464409431426, -2.5954594759770682e-05
33.357, 1.9507167816121518, -2.5747724703433734e-05
33.39, 1.9508817055108814, -2.554532459420377e-05
33.423, 1.9510459137471987, -2.5341464085067129e-05
33.457, 1.9512145338171138, -2.5127985411892464e-05
33.491, 1.9513777896122702, -2.4918796418317302e-05
33.523, 1.9515403245837359, -2.470884669432802e-05
33.557, 1.9517072287487467, -2.4489159678697587e-05
33.59, 1.9518688257652839, -2.4272672367711726e-05
33.623, 1.9520297134881777, -2.4055434301771032e-05
33.658, 1.95219492690093, -2.3828824791564382e-05
33.689, 1.952354889358213, -2.3604592962492299e-05
33.723, 1.9525141086778086, -2.3380634017199628e-05
33.757, 1.9526776158180306, -2.3148772528884609e-05
33.79, 1.9528359183656341, -2.2920227352725744e-05
33.824, 1.9529934596204892, -2.2694912081588614e-05
33.857, 1.9531552626121202, -2.2461205603245191e-05
33.891, 1.9533118886387313, -2.2231749885377177e-05
33.923, 1.9534677622666314, -2.2002465715863535e-05
33.957, 1.9536278848631716, -2.1753998579704128e-05
33.986, 1.9537828565003996, -2.1518186596357899e-05
34.023, 1.9539371216718291, -2.1288868586987159e-05
34.057, 1.9540953284151692, -2.1054934736485194e-05
34.09, 1.9542483509056745, -2.084414749929954e-05
34.123, 1.9544007987472964, -2.0629844228392443e-05
34.157, 1.9545570215984196, -2.0423333920444129e-05
34.191, 1.9547082436553149, -2.0225730940391337e-05
34.218, 1.9548588959418165, -2.0019518303640132e-05
34.218, 1.9548588959418165, -2.0019518303640132e-05
34.218, 1.9550129556935949, -1.9825954225807536e-05
34.323, 1.9553135527946812, -1.9511717610093114e-05
34.357, 1.9554736274421343, -1.9275198159137344e-05
34.39, 1.9556230381686064, -1.9067811545392172e-05
34.423, 1.9557643690092423, -1.8997428105692597e-05
34.457, 1.9559113894513622, -1.8892725987370326e-05
34.49, 1.9560577578201948, -1.8680468571685864e-05
34.524, 1.9562034878489871, -1.8469842704127175e-05
34.557, 1.9563488093389383, -1.8351643333594649e-05
34.591, 1.9564818324494055, -1.8355201239919324e-05
34.623, 1.9566022978847317, -1.8621063810552247e-05
34.657, 1.9567084528673848, -1.9495462047098751e-05
34.69, 1.9567893220480241, -2.1291888938764304e-05
34.723, 1.9568436313273176, -2.4496240070973298e-05
34.758, 1.9568668695934637, -3.0277164602090372e-05
34.79, 1.9568682322135915, -3.7975595023282323e-05
34.823, 1.9568694730526988, -4.6102140837904503e-05
34.857, 1.9568708039405931, -5.4826048284522288e-05
34.89, 1.9568721370451709, -6.3569310244375059e-05
34.924, 1.9568735397364492, -7.2757212724785766e-05
34.957, 1.9568752798101241, -8.4177772326677862e-05
34.99, 1.9568765135786856, -9.2291086988440297e-05
35.023, 1.9568764213970848, -9.1680532185170339e-05
35.057, 1.9568752457675451, -8.3919267270178029e-05
35.09, 1.9568736731899201, -7.354476600441078e-05
35.123, 1.9568723603865597, -6.4905341169575666e-05
35.157, 1.9568713066855077, -5.7979757558392077e-05
35.19, 1.9568704668072177, -5.2460667781511703e-05
35.223, 1.9568697492684952, -4.775322494181006e-05
35.257, 1.95686910636091, -4.3532151395487133e-05
35.29, 1.9568685545938076, -3.9911792859465491e-05
35.323, 1.9568680586247336, -3.6658711728955537e-05
35.357, 1.9568675960825466, -3.3630265580610999e-05
35.39, 1.9568684664948792, -3.0943123023178577e-05
35.423, 1.9568760498899385, -2.8513323813072987e-05
35.457, 1.956896904642865, -2.6360318530444044e-05
35.49, 1.9569358772025804, -2.4529022601590015e-05
35.523, 1.9569989499139189, -2.3006030909093793e-05
35.557, 1.957094786842978, -2.1753475215584873e-05
35.59, 1.9572224419677997, -2.0799431163811369e-05
35.623, 1.9573867218092036, -2.0099965302548071e-05
35.657, 1.957593145192084, -1.9692692629654091e-05
35.69, 1.9578168955158162, -1.9515709191159654e-05
35.723, 1.9580292122870226, -1.91518207394186e-05
35.757, 1.9582463763696509, -1.888297570710177e-05
35.791, 1.9584526268167062, -1.8612955012869903e-05
35.821, 1.9586537182796102, -1.8323276144540662e-05
35.857, 1.9588575312923333, -1.8017641131145624e-05
35.89, 1.959051470656338, -1.7737735949733094e-05
35.923, 1.9592416369527126, -1.7456815617597996e-05
35.957, 1.9594340348658534, -1.7179379462693133e-05
35.991, 1.9596176553393128, -1.691397846369286e-05
36.024, 1.9597980017687218, -1.6654793689438736e-05
36.057, 1.9599808244057555, -1.6394385509019946e-05
36.09, 1.960155604114499, -1.6148172926153864e-05
36.123, 1.960327567576186, -1.5908386870686607e-05
36.157, 1.9605021671200218, -1.5667951612922079e-05
36.19, 1.9606693377159372, -1.5440989707860115e-05
36.223, 1.9608340588929343, -1.5220469287815939e-05
36.257, 1.9610015421850833, -1.4999888008026549e-05
36.29, 1.96116202151924, -1.4792096800036828e-05
36.323, 1.9613203608877967, -1.4590741322706303e-05
36.357, 1.9614815616259631, -1.438985567068898e-05
36.39, 1.961636297043472, -1.4200985919703977e-05
36.423, 1.9617890646151592, -1.4018583318871201e-05
36.457, 1.9619447605705789, -1.3837346543419654e-05
36.49, 1.9620942895114386, -1.3667462508380905e-05
36.523, 1.9622421497848772, -1.3503854024635715e-05
36.557, 1.9623929944431893, -1.3341767606535092e-05
36.59, 1.9625380890168123, -1.3190262443954792e-05
36.623, 1.9626816962838296, -1.3044727097985735e-05
36.658, 1.962828319682151, -1.2901053452939189e-05
36.69, 1.9629694714213728, -1.2767442253608496e-05
36.724, 1.9631092834212933, -1.2640291389869771e-05
36.757, 1.963252128994178, -1.2516124297111712e-05
36.79, 1.9633897440241295, -1.2400790975163808e-05
36.823, 1.9635261440784273, -1.229094735616135e-05
36.857, 1.9636655875356783, -1.2183387106504419e-05
36.887, 1.9638000090578609, -1.2083843607415426e-05
36.923, 1.9639333162191306, -1.1989162459058616e-05
36.958, 1.9640696669779329, -1.1896433396338287e-05
36.99, 1.9642011006323621, -1.1810975738068871e-05
37.024, 1.9643314996267041, -1.1729947917561321e-05
37.057, 1.9644649321582681, -1.165083233522876e-05
37.09, 1.9645936804525941, -1.1578071429964294e-05
37.124, 1.9647214640738564, -1.1509257597144513e-05
37.158, 1.9648522548034559, -1.1442286581942718e-05
37.19, 1.9649784858672668, -1.1380854733499825e-05
37.223, 1.9651037343584983, -1.1322936796046783e-05
37.258, 1.9652319494415396, -1.1266675765519557e-05
37.29, 1.9653557168770879, -1.1215255518653606e-05
37.323, 1.9654785973966178, -1.1166839196929334e-05
37.357, 1.9656044048123738, -1.1119880023092275e-05
37.39, 1.9657258568591314, -1.1076968250040919e-05
37.423, 1.965846462825583, -1.1036562833491657e-05
37.457, 1.9659699455561519, -1.0997368039748776e-05
37.49, 1.9660891546082147, -1.0961541192872964e-05
37.523, 1.9662075130250249, -1.0927842905789262e-05
37.557, 1.9663286944346023, -1.0895181752245205e-05
37.59, 1.9664456857405594, -1.0865342068992e-05
37.623, 1.9665618481114564, -1.0837216407909863e-05
37.657, 1.9666807908683082, -1.0809843205259911e-05
37.69, 1.9667956334340355, -1.0784691202898766e-05
37.724, 1.9669096760354707, -1.0760801854359809e-05
37.757, 1.967026464950469, -1.0737348358880048e-05
37.79, 1.9671392462668889, -1.0715566247673359e-05
37.823, 1.9672512609316317, -1.069462994471259e-05
37.857, 1.9673659954774176, -1.0673761370638393e-05
37.891, 1.9674768153340962, -1.0654097515888185e-05
37.923, 1.9675869049499419, -1.0634864994296751e-05
37.956, 1.967699691587105, -1.0615277714584889e-05
37.991, 1.9678086620651383, -1.0581611294841992e-05
38.023, 1.9679169515782733, -1.0546256124268223e-05
38.057, 1.9680279326404861, -1.0510261587490317e-05
38.09, 1.9681351887737144, -1.0474286915373885e-05
38.123, 1.9682417959733465, -1.0439528871076803e-05
38.157, 1.9683510754733593, -1.0404218844362354e-05
38.19, 1.9684567089982101, -1.0369667782829987e-05
38.223, 1.96856166507582, -1.0334018285690744e-05
38.257, 1.9686692733634514, -1.0298919205883163e-05
38.29, 1.968773317226884, -1.0264688941860316e-05
38.323, 1.9688767774289324, -1.0229912436464285e-05
38.357, 1.9689828783807168, -1.0193712091826294e-05
38.39, 1.9690854212122471, -1.0156986060179122e-05
38.423, 1.9691874057335417, -1.0122100677726364e-05
38.457, 1.9692920253793138, -1.0084799991146394e-05
38.49, 1.9693932213553433, -1.0049303017064455e-05
38.523, 1.9694938887400417, -1.0013428488101231e-05
38.557, 1.9695971647205335, -9.9769753493774851e-06
38.59, 1.969697078123448, -9.9367329832663232e-06
38.623, 1.9697964872867879, -9.8953716117809718e-06
38.657, 1.9698984906233612, -9.8525775931185768e-06
38.69, 1.9699971884176335, -9.8102532350809922e-06
38.723, 1.9700953419244887, -9.7675239343641283e-06
38.757, 1.970196068808725, -9.7227949849336869e-06
38.791, 1.9702935477951251, -9.6783618936980662e-06
38.823, 1.9703905635393022, -9.6332790813790637e-06
38.857, 1.9704901392257399, -9.5863586085722292e-06
38.89, 1.970586505279841, -9.553784079616282e-06
38.923, 1.9706824126292806, -9.5229001615925901e-06
38.957, 1.9707808488768566, -9.4922155982836057e-06
38.99, 1.970876120756055, -9.4617576243762802e-06
39.024, 1.9709709490103626, -9.4312990127217094e-06
39.057, 1.9710682893437503, -9.3998201341595892e-06
39.09, 1.9711625115849656, -9.3686184119027164e-06
39.123, 1.9712563063410615, -9.3370983185531743e-06
39.157, 1.9713525974477035, -9.3042780605171751e-06
39.191, 1.971445753848968, -9.2717950020025887e-06
39.223, 1.9715384951914685, -9.2387218855517478e-06
39.257, 1.9716337164767912, -9.203779242696941e-06
39.29, 1.9717259091165802, -9.169067480550866e-06
39.324, 1.9718177024248236, -9.1335498294501668e-06
39.358, 1.9719119566146226, -9.0959576092801143e-06
39.39, 1.9720032187771497, -9.0584551908363519e-06
39.423, 1.9720940916878209, -9.0199503693536632e-06
39.457, 1.9721874068681757, -8.9791609519368454e-06
39.49, 1.9722777651047187, -8.9384426097994192e-06
39.523, 1.9723677436423745, -8.8961204230506521e-06
39.557, 1.9724601443393643, -8.8523414482303899e-06
39.59, 1.9725496219107765, -8.8080932861298561e-06
39.623, 1.9726387264661909, -8.7628414744741069e-06
39.657, 1.9727302341512056, -8.7149510306801802e-06
39.69, 1.9728188498814954, -8.6672049320829138e-06
39.723, 1.9729070989224433, -8.618395668150895e-06
39.757, 1.9729977305547211, -8.5668789548572572e-06
39.79, 1.9730855001686369, -8.5156046169663029e-06
39.823, 1.9731729085855847, -8.463257644338222e-06
39.857, 1.9732626827946587, -8.4076802294933731e-06
39.89, 1.9733496314075731, -8.3519731740639715e-06
39.924, 1.9734362308702993, -8.2951487994055747e-06
39.958, 1.973525178969483, -8.2353326143305094e-06
39.99, 1.9736113278671279, -8.1759693229892765e-06
40.023, 1.9736971310332776, -8.1155931694573639e-06
40.057, 1.9737852723552713, -8.0522677719774854e-06
40.09, 1.973870639925251, -7.9895936822235543e-06
40.123, 1.9739556641313185, -7.9260517579368392e-06
40.157, 1.9740429933234025, -7.8595767115338891e-06
40.19, 1.9741275176643613, -7.794008380517763e-06
40.223, 1.9742117004920401, -7.7277020958467596e-06
40.257, 1.9742981683823346, -7.6586225653396368e-06
40.29, 1.9743819167964807, -7.5905497616442905e-06
40.323, 1.9744653302802366, -7.5215845533565588e-06
40.357, 1.9745510065971692, -7.450058528368026e-06
40.39, 1.9746339866372296, -7.3803054693186366e-06
40.423, 1.9747166332786561, -7.3102835675306665e-06
40.457, 1.9748015211803824, -7.2373930302204571e-06
40.484, 1.9748837339816634, -7.1676163946049735e-06
40.523, 1.9749656136904798, -7.0971666784011379e-06
40.557, 1.9750497102567641, -7.0243624271988692e-06
40.59, 1.9751311558554301, -6.9533255829525146e-06
40.623, 1.9752122699181542, -6.882213826947125e-06
40.657, 1.9752955793521834, -6.8087611573632132e-06
40.69, 1.9753762078920689, -6.7400731327586751e-06
40.723, 1.9754565034144231, -6.6737060495613562e-06
40.757, 1.9755389703533877, -6.6055883370625376e-06
40.79, 1.9756188354743471, -6.5393434549329777e-06
40.823, 1.9756983240192423, -6.4754598641753784e-06
40.857, 1.9757799601996395, -6.4056602546089773e-06
40.89, 1.9758590229226141, -6.3385104741775382e-06
40.923, 1.9759377151137072, -6.2727627277000027e-06
40.957, 1.9760185349267956, -6.2046898300350509e-06
40.99, 1.9760968080696084, -6.1384280000781484e-06
41.023, 1.9761747636064244, -6.0722859124519268e-06
41.057, 1.9762548290883066, -6.0041231321710984e-06
41.09, 1.9763323751518971, -5.9390503452205667e-06
41.123, 1.9764096046169817, -5.8725646671143352e-06
41.157, 1.9764889223149793, -5.8036096329376036e-06
41.19, 1.9765657367532545, -5.7372070302798048e-06
41.224, 1.9766422354909816, -5.6711404890632916e-06
41.257, 1.9767208004086216, -5.6049532604761765e-06
41.29, 1.976796884196685, -5.5370969142709958e-06
41.323, 1.9768726542345985, -5.4704252596884697e-06
41.357, 1.9769504693990265, -5.4043581842513403e-06
41.39, 1.9770258302156218, -5.3407522519492252e-06
41.423, 1.977100877557979, -5.2795125052927972e-06
41.457, 1.9771779485738594, -5.2125808654157697e-06
41.49, 1.9772525824933842, -5.1484198451420758e-06
41.523, 1.9773269051343692, -5.0854484943345293e-06
41.558, 1.9774032309550236, -5.0207689479733878e-06
41.59, 1.9774771419780213, -4.9579516978996509e-06
41.623, 1.9775507439353648, -4.8952549560430734e-06
41.657, 1.9776263290684204, -4.8307452474578786e-06
41.69, 1.9776994745923961, -4.7683553506367629e-06
41.723, 1.9777723128360556, -4.7057909922805503e-06
41.757, 1.9778471162211066, -4.6415872665792841e-06
41.79, 1.9779195550795268, -4.5792626320649864e-06
41.823, 1.9779916929805914, -4.5170273100828901e-06
41.857, 1.978065776503229, -4.4528778955801677e-06
41.89, 1.9781375174329083, -4.3905089057313479e-06
41.923, 1.9782089595530694, -4.3282321991149897e-06
41.957, 1.9782823278032944, -4.2640074527297431e-06
41.99, 1.9783533802574249, -4.2012990185462731e-06
42.023, 1.9784241359057793, -4.1412412049196595e-06
42.057, 1.9784967982188006, -4.0751891126200669e-06
42.09, 1.9785671617805356, -4.0114224995707874e-06
42.123, 1.9786372310283642, -3.948737666378689e-06
42.157, 1.9787091880209451, -3.8841211266376231e-06
42.19, 1.9787788222536034, -3.8214692842075448e-06
42.223, 1.9788481639762694, -3.7575915644789333e-06
42.257, 1.9789193765818678, -3.6921294860542374e-06
42.29, 1.9789882931516929, -3.6290454213387452e-06
42.323, 1.9790568803651916, -3.5652814569907745e-06
42.357, 1.9791273197630812, -3.4986191031264538e-06
42.39, 1.9791955376532853, -3.4340740434921929e-06
42.423, 1.9792634769891593, -3.3695612537743277e-06
42.457, 1.9793332534185359, -3.3027580972979192e-06
42.489, 1.9794008278904327, -3.2373243526073469e-06
42.523, 1.979468083593003, -3.1724410689409153e-06
42.557, 1.9795371557623842, -3.1042379285680044e-06
42.59, 1.9796040495978056, -3.0377827042123189e-06
42.623, 1.9796706703742188, -2.9713079684001468e-06
42.657, 1.979739092650729, -2.9025354738318355e-06
42.691, 1.9798053557236477, -2.8351207241240314e-06
42.723, 1.9798713469078437, -2.7674995876883503e-06
42.757, 1.979939121214465, -2.697544088070246e-06
42.79, 1.9800047554726776, -2.6289926642064433e-06
42.823, 1.9800701192448331, -2.5602163859206622e-06
42.857, 1.9801372480406634, -2.4890450736537753e-06
42.89, 1.9802022560775756, -2.4192772767980999e-06
42.923, 1.9802669952152796, -2.3492605973127616e-06
42.957, 1.98033348154976, -2.2768473916482479e-06
42.99, 1.980397866499942, -2.2059471170141032e-06
43.023, 1.9804619842889712, -2.1348076307522587e-06
43.057, 1.9805278316974073, -2.0611860813773596e-06
43.09, 1.9805915971555892, -1.9890144888899114e-06
43.123, 1.9806550973488752, -1.916619213567926e-06
43.157, 1.9807203098369044, -1.8417565551783779e-06
43.191, 1.9807834597988869, -1.7683858238435311e-06
43.223, 1.9808463464736255, -1.6947786944625455e-06
43.257, 1.9809109283374302, -1.6186526367585946e-06
43.29, 1.9809734265955146, -1.5443319771215747e-06
43.323, 1.9810356621360024, -1.4701296056985661e-06
43.357, 1.9810995778202865, -1.392124550993048e-06
43.39, 1.9811614738341312, -1.3160869260966272e-06
43.424, 1.9812230758929612, -1.2403940352698262e-06
43.457, 1.9812863382012289, -1.1623268467631861e-06
43.49, 1.9813475637684526, -1.0851521141070425e-06
43.523, 1.9814084981461726, -1.0110926011067402e-06
43.558, 1.9814710788707284, -9.3188525308106455e-07
43.59, 1.9815316494495985, -8.5054941741086239e-07
43.623, 1.9815919733978411, -7.7108502613103792e-07
43.657, 1.981653933035423, -6.9064244683317192e-07
43.69, 1.9817139413512772, -6.112680408398413e-07
43.723, 1.9817737070724668, -5.3148636090629474e-07
43.758, 1.9818350911754716, -4.4905211139667918e-07
43.79, 1.9818945383318813, -3.72098327565894e-07
43.823, 1.9819537392186488, -2.9807689282203254e-07
43.857, 1.9820145369550508, -2.2203815897472219e-07
43.89, 1.9820734116120908, -1.4853378883147178e-07
43.923, 1.9821320404512071, -7.4882945299723649e-08
43.957, 1.9821922143485564, 2.1359581273396973e-09
43.99, 1.9822504810278796, 7.4700522076449688e-08
44.023, 1.9823085059874028, 1.4867614070666625e-07
44.057, 1.982368096186635, 2.2493639585100823e-07
44.091, 1.9824257653882007, 2.9946935667626905e-07
44.123, 1.9824831935400782, 3.7295603270503701e-07
44.157, 1.9825421723773575, 4.4896743229271625e-07
44.19, 1.9825992512277222, 5.2332692124864638e-07
44.223, 1.9826560938164943, 5.9685762994721756e-07
44.257, 1.9827144785112381, 6.7338705481807758e-07
44.29, 1.9827709828778399, 7.483860027915715e-07
44.323, 1.9828272196000318, 8.2310740927969651e-07
44.357, 1.9828849797024082, 9.0089801273614544e-07
44.391, 1.9829409175033059, 9.7499558127445598e-07
44.423, 1.9829965914818872, 1.0504183575982786e-06
44.458, 1.9830537740399681, 1.1279361371780107e-06
44.49, 1.9831091551540667, 1.2039858404112965e-06
44.523, 1.9831643107569541, 1.2799003248615377e-06
44.557, 1.9832209593618502, 1.3588227959815589e-06
44.59, 1.9832758223434579, 1.4358124506747601e-06
44.623, 1.9833304618564187, 1.5133109320454296e-06
44.657, 1.9833865809611597, 1.5946430211668281e-06
44.69, 1.9834409300664, 1.673230284424245e-06
44.723, 1.9834950550069252, 1.7514086808745408e-06
44.758, 1.9835506425851155, 1.8332718628194729e-06
44.79, 1.9836044756417954, 1.9131678977357054e-06
44.823, 1.9836580870067497, 1.9936461180502363e-06
44.857, 1.9837131462307744, 2.077068267041473e-06
44.891, 1.9837664667961761, 2.1585568539681871e-06
44.924, 1.9838195667485767, 2.2405632894452576e-06
44.957, 1.9838741016079833, 2.3265427945323226e-06
44.99, 1.9839269118009222, 2.4086571774609806e-06
45.023, 1.9839795025609841, 2.4922263602317799e-06
45.057, 1.9840335118724413, 2.5786323849594079e-06
45.09, 1.9840858137227793, 2.6630953253627713e-06
45.123, 1.9841378973334802, 2.7480339000592876e-06
45.157, 1.9841913851791273, 2.8359770206976321e-06
45.19, 1.9842431809580769, 2.9218502116846943e-06
45.221, 1.9842947599360845, 3.0081718734601377e-06
45.257, 1.984347728565909, 3.0975033947560275e-06
45.29, 1.9843989859317808, 3.1847127688686216e-06
45.323, 1.984450025747367, 3.2721311083562258e-06
45.355, 1.9845024451958591, 3.3627428008510227e-06
45.39, 1.9845532027482067, 3.4512117062092129e-06
45.423, 1.9846037234121947, 3.5398289869745676e-06
45.457, 1.984655581722863, 3.6331492519963823e-06
45.49, 1.9847058210166275, 3.7219184494710416e-06
45.523, 1.9847558094055076, 3.8126084069915896e-06
45.557, 1.9848071290210021, 3.9080212078702027e-06
45.591, 1.9848568477044943, 3.9980381252652676e-06
45.623, 1.9849063451130922, 4.0911893166698274e-06
45.657, 1.9849571736993394, 4.1859640494627406e-06
45.691, 1.9850063977691925, 4.2777655707461574e-06
45.723, 1.9850553888704443, 4.369535157412742e-06
45.757, 1.9851056613169773, 4.4679927370918671e-06
45.79, 1.985154352926525, 4.5592647470316153e-06
45.823, 1.9852028523751954, 4.6507690467002432e-06
45.857, 1.9852526335681437, 4.7473344806683403e-06
45.89, 1.9853008125659048, 4.8369918824871443e-06
45.923, 1.9853487752289771, 4.9243839740564127e-06
45.957, 1.9853979869688372, 5.0094487701215911e-06
45.99, 1.9854455922764145, 5.0933304686282045e-06
46.023, 1.9854929542512838, 5.1686592648213481e-06
46.058, 1.9855415666487932, 5.2551027761739516e-06
46.09, 1.9855885951604801, 5.3424987482777144e-06
46.123, 1.9856353156249396, 5.4082854446385981e-06
46.157, 1.9856830638526997, 5.4336581116321859e-06
46.19, 1.9857289003007312, 5.3834747658368965e-06
46.223, 1.9857739695831456, 5.277323921978562e-06
46.258, 1.9858195756337431, 5.3394127520806127e-06
46.29, 1.9858628438850923, 5.3929483616248283e-06
46.323, 1.9859050297542908, 5.4411491493399386e-06
46.357, 1.9859476704813441, 5.4933243982192919e-06
46.39, 1.9859886056641993, 5.5622679946066092e-06
46.423, 1.9860294074135652, 5.6653030227705949e-06
46.457, 1.9860715266398004, 5.8106341951956193e-06
46.491, 1.9861128554613898, 5.9823429591597165e-06
46.523, 1.9861549695702994, 6.1743536332999085e-06
46.557, 1.9861995431431112, 6.3913176390157864e-06
46.59, 1.9862439656346473, 6.6070843103937186e-06
46.623, 1.9862889627629492, 6.8030563536798563e-06
46.657, 1.9862896348472474, 6.9964150896900968e-06
46.69, 1.9862872235764109, 7.0356153517136248e-06
46.722, 1.9862848108342657, 7.0742674921664246e-06
46.757, 1.9862823247597357, 7.1139441947192239e-06
46.79, 1.9862799115068361, 7.1524281719486635e-06
46.823, 1.9862774979450724, 7.1909071604883981e-06
46.857, 1.9863173434429191, 7.2037141990495223e-06
46.89, 1.9863606167534524, 7.2710936091237877e-06
46.923, 1.9863612659999308, 7.4567390693536814e-06
46.957, 1.9863588016121672, 7.5028182162710806e-06
46.99, 1.9863564048306148, 7.5492257293245942e-06
47.023, 1.9863540077601858, 7.5958468062912573e-06
47.057, 1.9863515377185046, 7.6439181033728011e-06
47.09, 1.9863491399977502, 7.6905822128949902e-06
47.123, 1.9863467419518535, 7.7372480541822809e-06
47.157, 1.9863442708948587, 7.7853289955541146e-06
