
0.8130000000000001, 2.9999820923922589, -4.5475519223756728e-08
0.8460000000000001, 2.9999815325607, -4.6088290198055734e-08
0.878, 2.9999806513752141, -4.646594105565717e-08
0.913, 2.9999804307750497, 2.9852004222707243e-07
0.9460000000000001, 2.9999806879812798, 3.2849135095576479e-07
0.9790000000000001, 2.9999806882012425, 3.4396259960786025e-07
1.046, 2.9999806818345194, 3.8115580729499647e-07
1.079, 2.9999806786278063, 4.0004452628463397e-07
1.113, 2.9999806753206992, 4.1952661986148313e-07
1.146, 2.9999806721103748, 4.384388534134232e-07
1.179, 2.9999806688999664, 4.5735159798269605e-07
1.179, 2.9999806688999664, 4.5735159798269605e-07
1.212, 2.999980665592247, 4.768375850388821e-07
1.246, 2.9999806623817968, 4.9575051923313275e-07
1.278, 2.9994438752439736, 6.6218794201531348e-07
1.312, 2.9978030010318779, 6.6575650377006086e-07
1.346, 2.9951521201775484, 6.2828023164467397e-07
1.3780000000000001, 2.9914655403011738, 5.1580239733469693e-07
1.445, 2.9816967011592412, 5.330933991913437e-07
1.445, 2.9816967011592412, 5.330933991913437e-07
1.478, 2.9767434511771116, 5.9995436401596892e-07
1.513, 2.9716393870081177, 6.5720892765938478e-07
1.578, 2.9617322457530295, 6.3715069938278372e-07
1.578, 2.9617322457530295, 6.3715069938278372e-07
1.645, 2.9516860637010147, 8.1321734787976361e-08
1.645, 2.9516860637010147, 8.1321734787976361e-08
1.677, 2.9467871676586714, 6.1052033214283027e-07
1.713, 2.9417163082390592, 8.9319389308338717e-07
1.779, 2.93182559472092, 7.6874853699170706e-07
1.812, 2.926731345481655, 8.4340888148983817e-07
1.812, 2.926731345481655, 8.4340888148983817e-07
1.846, 2.9217862735603592, 9.6088078658042356e-07
1.8780000000000001, 2.916840371559295, 1.1249646684990805e-06
1.913, 2.9117436737173046, 1.330311229052844e-06
1.9460000000000002, 2.9067959838634265, 1.5483644290667461e-06
1.9780000000000002, 2.9019656120345747, 1.755224739322471e-06
2.045, 2.8928124964885691, 2.2042266030081002e-06
2.045, 2.8928124964885691, 2.2042266030081002e-06
2.078, 2.8884350488356687, 2.3840277249143557e-06
2.112, 2.8837098744327285, 2.5358681206132765e-06
2.145, 2.8795703344456021, 2.9480818531374361e-06
2.178, 2.8760173376020441, 3.0650507833528269e-06
2.212, 2.8725627458587, 3.1864540123965863e-06
2.246, 2.8693880569674519, 3.2932711182897246e-06
2.279, 2.8663847330995602, 3.3499096555433088e-06
2.312, 2.8633899531996261, 3.4451598783280144e-06
2.345, 2.8606259424822, 3.4285755604995558e-06
2.379, 2.8580650148632771, 3.5126646373726663e-06
2.4130000000000003, 2.8556157877395196, 3.5448789009085918e-06
2.445, 2.8533802392312793, 3.5529533613531075e-06
2.478, 2.8512885762384959, 3.5787891269249537e-06
2.513, 2.8492759849205016, 3.5546995489656473e-06
2.545, 2.8474442560013364, 3.7058768694623642e-06
2.5780000000000003, 2.8457023577600657, 8.1647526647256163e-06
2.613, 2.8439939380572667, 9.0732966182568571e-06
2.645, 2.84248794743199, 8.5143665522893049e-06
2.678, 2.8411617420305992, 8.5681997457963802e-06
2.712, 2.8399061552885585, 8.5986565327200447e-06
2.745, 2.8387810823468258, 8.5815050363581111e-06
2.778, 2.8377464304415887, 8.5097105931320616e-06
2.8120000000000003, 2.836772371517037, 8.4704583375217295e-06
2.845, 2.8359141534022636, 8.4357433820812809e-06
2.879, 2.8351385756950096, 8.3670072368578073e-06
2.912, 2.8343505648871741, 8.4329216213831322e-06
2.9450000000000003, 2.8337132788871395, 8.2845494037989636e-06
2.978, 2.8331636967807712, 8.252586070867521e-06
3.01, 2.8326684010057539, 8.2312551285207958e-06
3.044, 2.8322518986043499, 8.1284668962793197e-06
3.078, 2.8318977921216595, 8.0259183413756549e-06
3.112, 2.8315314735829276, 7.9285376807869138e-06
3.146, 2.8312889682814233, 7.7830044995353843e-06
3.178, 2.8311112424842224, 7.6200428502775288e-06
3.212, 2.8309843280690141, 7.4330861124640204e-06
3.245, 2.8309100392859059, 7.2125283543814445e-06
3.278, 2.8308796806836032, 6.756957649682938e-06
3.312, 2.8309043693412712, 6.9767169672360696e-06
3.345, 2.8309691803233634, 7.082517538389106e-06
3.378, 2.831077305034289, 7.0915193500899387e-06
3.412, 2.8312312527054857, 7.0298502766946965e-06
3.445, 2.8314194489465878, 6.907236031885443e-06
3.479, 2.8316449610165986, 6.7230718733753372e-06
3.512, 2.8319159776784355, 6.4685395513191569e-06
3.545, 2.832160714656645, 6.2187905621837866e-06
3.579, 2.8324858165098878, 5.8464141201994034e-06
3.612, 2.8328645131201808, 5.401775738557913e-06
3.645, 2.8332634899179383, 4.9121719762952953e-06
3.678, 2.8336922103399131, 4.3688881431825327e-06
3.712, 2.8341659073084684, 3.7534526151902642e-06
3.745, 2.8346545081874752, 3.1058075020593028e-06
3.779, 2.8351706379867472, 2.4227291809534034e-06
3.813, 2.8356779555201084, 1.7227665383307598e-06
3.846, 2.8362413393359214, 1.01830901488292e-06
3.877, 2.8368393664900937, 2.5125575693850536e-07
3.912, 2.8374828147559974, -5.8526841468947816e-07
3.9450000000000003, 2.8380821441171857, -1.4007910670421781e-06
3.979, 2.8387476843295931, -2.5038902030515949e-06
4.013, 2.8394663413901227, -3.419628822499281e-06
4.046, 2.8401873047790671, -4.4366800228407479e-06
4.078, 2.8409281325788895, -5.5126974283104208e-06
4.112, 2.8417136342328195, -6.6932775661418459e-06
4.145, 2.8424952791425175, -7.9273125565759974e-06
4.178, 2.8432937089882491, -9.3080752177467833e-06
4.213, 2.8441308294129954, -1.0893046079738972e-05
4.279, 2.8457426788148066, -1.6224687395885505e-05
4.279, 2.8457426788148066, -1.6224687395885505e-05
4.312, 2.8465105034080938, -2.4387114532232631e-05
4.345, 2.8471956060677761, -2.9003656956115437e-05
4.378, 2.8478522508826218, -2.6737418647665656e-05
4.445, 2.849207513233305, -2.4119785825072467e-05
4.445, 2.849207513233305, -2.4119785825072467e-05
4.479, 2.8499375818129566, -2.3949601134038296e-05
4.5120000000000005, 2.8507690284770182, -2.4498943532729105e-05
4.546, 2.8516791211301413, -2.5458724611690826e-05
4.578, 2.8527128750875046, -2.7016991028922178e-05
4.612, 2.8538445363670686, -2.912806665646611e-05
4.645, 2.8549562205027001, -3.1094270240502892e-05
4.678, 2.8560791060819586, -3.3009764284509238e-05
4.712, 2.8572504520407063, -3.4950130386774717e-05
4.745, 2.8583518991974906, -3.6706511859922371e-05
4.779, 2.8595073220416181, -3.8510049856192785e-05
4.812, 2.8607163228594596, -4.0363720876552638e-05
4.845, 2.8619016854245034, -4.2113949744428415e-05
4.877, 2.8630980733152658, -4.3817437498128143e-05
4.912, 2.8643448635860906, -4.5527634148455813e-05
4.979, 2.8668005005396342, -4.8693252376456128e-05
4.979, 2.8668005005396342, -4.8693252376456128e-05
5.013, 2.8680713725455753, -5.0233807810917352e-05
5.045, 2.8693301267826321, -5.1695646480991873e-05
5.078, 2.8705999750112965, -5.3108740776305227e-05
5.113, 2.8719220498799545, -5.4517635589985916e-05
5.146, 2.8732169315082845, -5.5837961808490017e-05
5.191, 2.8758802029093133, -5.8377355960078572e-05
5.191, 2.8758802029093133, -5.8377355960078572e-05
5.246, 2.877198691804896, -5.955556735871049e-05
5.2780000000000005, 2.878538165199934, -6.0697342832834907e-05
5.312, 2.879879710421692, -6.1792626520447834e-05
5.345, 2.8812426028181819, -6.2861943892049597e-05
5.378, 2.8826180999339805, -6.3897638109167653e-05
5.412, 2.8840482007971961, -6.4931893135897941e-05
5.446, 2.8853971879239917, -6.5873505845111483e-05
5.478, 2.8868040835238284, -6.6813658713391584e-05
5.513, 2.8882689010371205, -6.7761322268160526e-05
5.545, 2.8897011256745344, -6.8658304020886461e-05
5.577, 2.8911421505743835, -6.9531906211639294e-05
5.612, 2.892639056254354, -7.0413037852989127e-05
5.645, 2.894051799541796, -7.1229092266172816e-05
5.679, 2.8955222737948532, -7.2044737991508836e-05
5.712, 2.8970519786729647, -7.2888973459184908e-05
5.745, 2.8985465319368759, -7.3698466790764894e-05
5.804, 2.9016088420054165, -7.5326412227418098e-05
5.804, 2.9016088420054165, -7.5326412227418098e-05
5.845, 2.9031230002229864, -7.6124737912684412e-05
5.878, 2.9046536109387078, -7.6920478987196235e-05
5.913, 2.9062409788369612, -7.774998168847906e-05
5.945, 2.907789572111275, -7.8564859345495712e-05
5.979, 2.9093455107957422, -7.9388069657310823e-05
6.013, 2.9109597478971732, -8.024809124131864e-05
6.045, 2.9125355502257584, -8.1097341206540804e-05
6.078, 2.9141186630650022, -8.1961669487001221e-05
6.112, 2.9157606770974045, -8.2870458369905452e-05
6.146, 2.9173631946005942, -8.3772081409630756e-05
6.179, 2.9189727529498621, -8.4692236417137164e-05
6.212, 2.9206417868795085, -8.5662081474726618e-05
6.246, 2.9222192141526313, -8.6594547198618968e-05
6.279, 2.9238531856613239, -8.7578867525441262e-05
6.313, 2.9255500792087616, -8.862172618643125e-05
6.345, 2.9272051644867538, -8.9656668724378061e-05
6.378, 2.9288662613862275, -9.0707937168821182e-05
6.413, 2.9305873567134473, -9.1805685163184279e-05
6.475, 2.9339488322079044, -9.3949982901063618e-05
6.475, 2.9339488322079044, -9.3949982901063618e-05
6.5120000000000005, 2.9356830470732453, -9.5062695177798877e-05
6.545, 2.9373301261489888, -9.6081221768828091e-05
6.578, 2.9390307566884104, -9.7185162353828297e-05
6.6129999999999995, 2.9407951996727464, -9.845685916977468e-05
6.645, 2.9425116579124997, -9.9585732018477426e-05
6.678, 2.9442276394278304, -0.00010076372547053392
6.712, 2.9459503326646446, -0.00010209222933156022
6.7780000000000005, 2.9491369412413286, -0.00011336725477365871
6.7780000000000005, 2.9491369412413286, -0.00011336725477365871
6.813, 2.9507186409931698, -0.00011254595199112654
6.845, 2.952274413852463, -0.00011286818685570476
6.878, 2.9538939998250142, -0.00011378835832780322
6.913, 2.9556685416194979, -0.00011506686744534978
6.946, 2.9574511295805985, -0.00011663272912404516
6.978, 2.9592386808522098, -0.00011815057456198282
7.013, 2.9610878596076593, -0.00011965285737464306
7.046, 2.9628890651804021, -0.00012106045336167436
7.079, 2.9646953281955621, -0.00012241655947252609
7.112, 2.9665090264490126, -0.00012372772472571714
7.145, 2.9683289473927807, -0.00012500261196873093
7.179, 2.9701581280656968, -0.00012621550284118655
7.212, 2.9720520429502768, -0.00012742718161808629
7.245, 2.9738971244988157, -0.00012856027113027429
7.2780000000000005, 2.9757470700154949, -0.00012965682570609027
7.313, 2.9776619857150326, -0.00013075542059457393
7.345, 2.979527232662293, -0.0001317966384849781
7.379, 2.9813971026780086, -0.0001328157990607063
7.412, 2.9832751613337574, -0.00013382038654302796
7.445, 2.9851585759195518, -0.0001348131987276266
7.479, 2.9870436568370775, -0.00013579876636262716
7.5120000000000005, 2.9889430541875828, -0.0001367856997077034
7.545, 2.9907941394625284, -0.00013773298836963985
7.577, 2.992704599604203, -0.00013871650408409149
7.6129999999999995, 2.9946265059789017, -0.00013972103858981351
7.645, 2.9965524909943828, -0.00014071811460875585
7.678, 2.9984852962351551, -0.00014174259353991292
7.712, 3.000484576488248, -0.00014281081425468288
7.745, 3.0024305851038808, -0.00014386571923884515
7.7780000000000005, 3.0043800234864979, -0.00014493995575290511
7.812, 3.0063383918726454, -0.0001460409068713726
7.846, 3.0082993298917766, -0.00014716095784420062
7.878, 3.0102666519900656, -0.00014831722757296061
7.912, 3.0123023550368488, -0.00014953623301458785
7.945, 3.0142833074989981, -0.00015074740005137838
7.978, 3.0162671580841698, -0.00015198676898606043
8.012, 3.0182604334605938, -0.00015325997465718099
8.045, 3.0202527360589908, -0.00015456415106775774
8.078, 3.0222503725923895, -0.00015590466197343465
8.112, 3.024315650383596, -0.00015731890769818882
8.145, 3.0263248889092078, -0.00015871661752281846
8.178, 3.0283366091134853, -0.0001601478799411916
8.212, 3.0304158283320182, -0.00016165152180673605
8.245, 3.032437984615231, -0.00016313648373236049
8.278, 3.034462015566783, -0.00016463447319196934
8.312, 3.0365534699660417, -0.00016618598682682288
8.345, 3.0385872267876177, -0.00016769122988204556
8.378, 3.0406225805374878, -0.00016920185120128021
8.413, 3.0427253662324083, -0.00017079765986359363
8.446, 3.0447699916025344, -0.00017234944516009642
8.479, 3.0468154561640275, -0.0001738474757586872
8.512, 3.0489194899216572, -0.00017575209619875965
8.545, 3.0509404256404902, -0.00017895275796117279
8.579, 3.0529052183191534, -0.000181862005876912
8.613, 3.0549096968092191, -0.00018241499566000092
8.645, 3.0569010509783556, -0.00018360667379612773
8.678, 3.0589697977021824, -0.00018525805215730007
8.711, 3.0610553366820437, -0.00018711894445308993
8.745, 3.063138141286164, -0.00018908111486540583
8.778, 3.0652282335895102, -0.00019087208876944589
8.812, 3.0673277272069086, -0.00019260308548266246
8.878, 3.0715256310195711, -0.00019591238647405427
8.878, 3.0715256310195711, -0.00019591238647405427
8.913, 3.0736916507881973, -0.00019748922742389115
8.945, 3.0758031522292901, -0.00019894205962138345
8.978, 3.0779169918572689, -0.00020031930484051965
9.012, 3.0801015044219455, -0.00020166915413148063
9.046, 3.0822250721971343, -0.00020291501056853744
9.079, 3.0843498442743216, -0.00020410449154638195
9.112, 3.0865446509969479, -0.00020527874598632239
9.146, 3.0886782852190624, -0.00020637191348580995
9.179, 3.0908130342629327, -0.00020742059199352965
9.213, 3.093018078889104, -0.00020846502434350816
9.245, 3.0951616108113043, -0.00020944741698635929
9.278, 3.097306228887406, -0.00021040071390140204
9.312, 3.0994614533024327, -0.00021133811218669959
9.378, 3.103769941010321, -0.0002131517361535757
9.378, 3.103769941010321, -0.0002131517361535757
9.412, 3.1059920632741918, -0.00021406584962294913
9.445, 3.1081570594215235, -0.00021494569707659246
9.478, 3.110323186477252, -0.00021581771384469525
9.512, 3.1125002810753908, -0.00021669034501137704
9.545, 3.1146735781665909, -0.00021755773119607331
9.578, 3.1168510295153991, -0.00021843240316013829
9.612, 3.1190999498928353, -0.00021933165840557763
9.645, 3.1212857833934984, -0.00022020504400820508
9.678, 3.123472368987104, -0.00022108092430463524
9.712, 3.1257305151192996, -0.00022198549790960139
9.745, 3.1279252413249674, -0.00022286626913216157
9.778, 3.1301205963600962, -0.00022374054538047729
9.812, 3.132387558343495, -0.00022464767529544095
9.845, 3.134590296110328, -0.00022552970992859923
9.878, 3.1367929583297838, -0.00022640235561268606
9.912, 3.1390667156903813, -0.00022728495784862254
9.945, 3.1412192166975061, -0.00022813098296548584
9.978, 3.1434254873039076, -0.00022896395383542899
10.012, 3.1457056611345533, -0.00022979929487596817
10.045, 3.1479193060941544, -0.00023065585448575981
10.078, 3.1501313805826534, -0.00023144298208798054
10.112, 3.1524056680481181, -0.00023257869366718573
10.145, 3.1545813653112802, -0.00023337095616153967
10.178, 3.156703581121159, -0.00023348619304378211
10.212, 3.158884625806536, -0.0002338270692360506
10.245, 3.1610559686612727, -0.0002342358872898262
10.278, 3.1632883030475942, -0.0002350232099550038
10.31, 3.1655313683492827, -0.00023580984575475957
10.345, 3.1677641690180698, -0.0002366417750670837
10.378, 3.1700003535904298, -0.00023730551644415563
10.412, 3.1723049258958431, -0.00023793246891113607
10.445, 3.1744830748967812, -0.00023843356707937247
10.478, 3.17671386230775, -0.00023885627110375914
10.512, 3.1790181438544804, -0.00023918589930104208
10.545, 3.1812560838005997, -0.00023941774467931207
10.613, 3.1858038357159999, -0.00023964101062087814
10.613, 3.1858038357159999, -0.00023964101062087814
10.645, 3.1880462322031269, -0.00023964835808455831
10.678, 3.1902895113079457, -0.00023958709387764633
10.712, 3.192601150141678, -0.0002394712232638281
10.745, 3.1947932220277586, -0.00023931288558302411
10.778, 3.1970396668276071, -0.00023909782891849048
10.812, 3.1993603596881508, -0.00023884943031573651
10.845, 3.2015579041093511, -0.00023859181995318024
10.879, 3.203808482024018, -0.0002382804450243303
10.913, 3.2061337830087542, -0.00023795457502466741
10.945, 3.2083908568753081, -0.00023762025610688466
10.978, 3.2106447282797639, -0.00023729195101519082
11.012, 3.2129674414861502, -0.0002369525936952578
11.045, 3.2152210951850346, -0.00023661626089630517
11.078, 3.2174719503381795, -0.00023627064755857234
11.112, 3.2197925838276649, -0.00023590356176210415
11.146, 3.2220442709193793, -0.00023553653346797666
11.178, 3.2242927781986181, -0.00023515821443797659
11.212, 3.2266105789925663, -0.00023476091400871589
11.245, 3.2288591404411964, -0.00023436552194961539
11.278, 3.2311041436130488, -0.00023395897254432024
11.31, 3.2334178934911857, -0.00023353162774175664
11.345, 3.2356620304509325, -0.00023310495783334683
11.378, 3.2379018451621251, -0.00023265748888147493
11.412, 3.2402092618814118, -0.00023217276503899252
11.445, 3.2424463194464854, -0.0002316830193109548
11.478, 3.2446783664874062, -0.00023117652214061626
11.513, 3.246977194174443, -0.00023063828169796587
11.545, 3.2492053990874465, -0.00023012486422656223
11.578, 3.2514278523436091, -0.00022966983055246854
11.612, 3.253715508454869, -0.00022926717301960335
11.645, 3.2559289113128438, -0.00022899521511562089
11.678, 3.2581130940375269, -0.00023015746506915803
11.712, 3.2603035335551005, -0.00023000944904447726
11.745, 3.262426386071831, -0.00022874992152938138
11.779, 3.264603778968878, -0.00022800757133777252
11.812, 3.2668795660510366, -0.0002272025473973942
11.845, 3.2690845997898563, -0.00022652014574136697
11.879, 3.271283053079256, -0.00022580984154325643
11.912, 3.2734926379794316, -0.00022505930444864926
11.945, 3.2756834922616558, -0.00022430351770022001
11.978, 3.2778721449788084, -0.00022347810802653999
12.012, 3.2801255762818244, -0.00022258570830908947
12.045, 3.2823086763926312, -0.00022172535157037647
12.078, 3.2844848150217261, -0.0002208627947399834
12.112, 3.2867248218704739, -0.00021995277662718393
12.145, 3.288895388606071, -0.00021904293129675003
12.178, 3.291060083171371, -0.00021810660820948115
12.213, 3.2932885876849451, -0.00021711187901535448
12.245, 3.295447850878471, -0.00021611747207419526
12.279, 3.2976011111488845, -0.00021508938733599847
12.312, 3.2998177082401732, -0.00021394889356433002
12.346, 3.301965316007057, -0.00021281745973034946
12.378, 3.3041068220159948, -0.00021166793938347291
12.412, 3.3063111535900225, -0.00021046794367804526
12.445, 3.3083991877451444, -0.0002093190037007698
12.478, 3.3105280291493688, -0.00020814094817150943
12.513, 3.3127212570255535, -0.00020692709405292528
12.545, 3.3148459357337869, -0.00020575752999647752
12.578, 3.3169642127866172, -0.00020460217097133701
12.612, 3.3191442627722414, -0.00020342972606388136
12.645, 3.321255970315609, -0.00020231660376793495
12.679, 3.3233612060506514, -0.0002012325428796876
12.742, 3.3276262150975722, -0.00019913263005081285
12.742, 3.3276262150975722, -0.00019913263005081285
12.778, 3.3297250640462623, -0.00019815488418153406
12.812, 3.3318778418082053, -0.00019719517642574757
12.845, 3.3339173248923895, -0.0001963287614538411
12.878, 3.3359950044958313, -0.00019548914776783773
12.912, 3.3381348024014517, -0.00019467767169931906
12.945, 3.3402069361356213, -0.00019394591889897137
12.978, 3.3422717783575684, -0.00019326948881776373
13.013, 3.3443956047843164, -0.00019262422357221371
13.046, 3.3464516034632563, -0.00019204657988481497
13.078, 3.3484999935492246, -0.00019151479072532148
13.113, 3.3506065520028891, -0.00019101213695977965
13.145, 3.3526455200131129, -0.00019058508584448875
13.179, 3.3546762507322425, -0.00019023367552427602
13.213, 3.3567633471915466, -0.00018989848414548556
13.245, 3.3587819564679307, -0.00018959335049373169
13.278, 3.360779501091423, -0.00018972702932046597
13.309, 3.3627825591517615, -0.00019066325034345052
13.345, 3.3646801518587464, -0.00018890011649550455
13.378, 3.3666047833403625, -0.00018795031371280296
13.412, 3.3686525925397288, -0.00018752053234227168
13.445, 3.3706439862305495, -0.00018703471098449194
13.478, 3.3726277935545945, -0.00018660174352246536
13.512, 3.3746654738275064, -0.00018619893672464083
13.545, 3.3766350916456598, -0.00018584053720933588
13.579, 3.3785946587387006, -0.00018551258019182032
13.612, 3.3806077642448229, -0.00018520461114922675
13.645, 3.3825556324532617, -0.00018493482438548898
13.678, 3.384496770972222, -0.00018469290857528846
13.712, 3.3864940766079905, -0.00018447355798320309
13.745, 3.3884283800020825, -0.00018429180901162682
13.778, 3.3903563538295112, -0.00018414282909328948
13.812, 3.3923400195774609, -0.0001840245156407856
13.845, 3.3942609845141165, -0.00018394603838174366
13.879, 3.3961755469191024, -0.00018390369149174721
13.912, 3.3981016971281273, -0.00018389809877408084
13.946, 3.4000087739927825, -0.00018393061708911105
13.978, 3.4019110631535643, -0.00018400223068751548
14.013, 3.4038680581200098, -0.00018411853856938206
14.045, 3.4057629057252372, -0.00018427212761776277
14.078, 3.4076511478576155, -0.00018446741828934577
14.112, 3.4095935218601832, -0.00018471296867465055
14.145, 3.4114741331376801, -0.00018499588213090497
14.178, 3.4133481107784536, -0.00018532317974887398
14.212, 3.4152333947649698, -0.00018569883096716214
14.245, 3.4171000484194889, -0.00018611735441598727
14.278, 3.4189617637653482, -0.0001865811200510693
14.312, 3.4208766687959211, -0.00018710611997495045
14.345, 3.4227304367889677, -0.00018766335657848676
14.378, 3.4245774195169441, -0.00018826647369217156
14.413, 3.4264770056055531, -0.0001889359036991
14.446, 3.4283158648558163, -0.00018963135263391748
14.478, 3.4301479200839142, -0.00019037129417369858
14.512, 3.431991147139541, -0.00019116126446258318
14.545, 3.4338146147410855, -0.00019198603633740159
14.579, 3.4356326530757082, -0.00019285475527125169
14.645, 3.4393086682441929, -0.00019474573683519645
14.645, 3.4393086682441929, -0.00019474573683519645
14.679, 3.4411161702190323, -0.00019573870174169504
14.713000000000001, 3.4429667851974144, -0.00019680016738939552
14.746, 3.4447574339878133, -0.00019786458819437424
14.779, 3.4465408730255547, -0.00019891094453585885
14.839, 3.450148493242001, -0.0002010762512421229
14.839, 3.450148493242001, -0.0002010762512421229
14.878, 3.4519221850902451, -0.00020219649148136402
14.912, 3.4537384628176935, -0.00020334704362486543
14.945, 3.4554961164030136, -0.00020450605738269953
14.978, 3.4572462682213478, -0.00020573701602282979
15.012, 3.4590446551259428, -0.00020713697286820133
15.045, 3.4607836177136009, -0.00020852744807305941
15.078, 3.462512774189284, -0.00021009102325082914
15.112, 3.4642676844069764, -0.00021249154245851499
15.145, 3.4659166928687521, -0.00021677016170375298
15.178, 3.4675239720617577, -0.00021676882744627049
15.212, 3.4691964318030544, -0.00021752711048836818
15.244, 3.4708766037600887, -0.00021881185194209938
15.279, 3.47258832117764, -0.00022037468904997378
15.312, 3.4743468671048228, -0.0002219296500635001
15.345, 3.4760478075938401, -0.00022340044755012777
15.378, 3.477741297545327, -0.00022484811352667503
15.412, 3.479481822205901, -0.00022628409932732001
15.445, 3.4811306776236894, -0.00022758008727665562
15.478, 3.4828070613695554, -0.00022887825024784161
15.512, 3.4845322136786767, -0.00023013620006172728
15.545, 3.4862017447848501, -0.00023128962053777253
15.578, 3.487864626970155, -0.0002323779842831314
15.612, 3.4895743614159578, -0.00023343592479597444
15.645, 3.4912290001906268, -0.00023440200077356745
15.678, 3.4928771225455315, -0.00023530997128293717
15.712, 3.4945717390996855, -0.00023618936121179532
15.745, 3.4961774909784613, -0.000236973488998003
15.778, 3.4978108954157019, -0.00023772800569758461
15.812, 3.499491756254629, -0.00023845690209124194
15.846, 3.5011185042743058, -0.00023911885268399375
15.878, 3.502738809286924, -0.00023973819827642845
15.912, 3.5044047539185215, -0.00024033319831313872
15.946, 3.5059833576039501, -0.00024086134568357105
15.979, 3.5075889556117961, -0.0002413625818498124
16.012, 3.5092411141385749, -0.00024184680898011815
16.045, 3.5108399731608455, -0.00024228226454502691
16.079, 3.5124323707856675, -0.00024268658007546467
16.112, 3.5140694777014887, -0.00024307276381569507
16.145, 3.5156535934778028, -0.00024342058234095613
16.178, 3.5172308441876057, -0.00024374044214631161
16.212, 3.518850987088455, -0.00024404970002687743
16.245, 3.5204174608539924, -0.00024432738125846823
16.278, 3.5219772210761127, -0.00024458240881382136
16.313, 3.5235809875070503, -0.00024482267588607119
16.345, 3.5251331175387066, -0.00024503675987729825
16.377, 3.5266791347612072, -0.00024523247905549917
16.413, 3.5282687222148938, -0.0002454154504761551
16.445, 3.5298070603717409, -0.00024557558792697278
16.478, 3.531339281198786, -0.0002457179045990021
16.512, 3.532914633358653, -0.00024584684529763959
16.545, 3.5344391445322878, -0.00024595541493063061
16.578, 3.5359575273524868, -0.00024604979265100118
16.645, 3.53902917207609, -0.00024619313129936365
16.645, 3.53902917207609, -0.00024619313129936365
16.677, 3.5405399881516448, -0.00024623609269750049
16.713, 3.5420867418424091, -0.00024626562800284218
16.745, 3.5435831894113288, -0.00024627129991681513
16.778, 3.5450734852325763, -0.00024626342921415785
16.812, 3.546608948327441, -0.00024623049187645418
16.845, 3.5480910549007723, -0.00024618531814485215
16.878, 3.5495666031755122, -0.00024611884799074569
16.912, 3.5510831063648389, -0.00024602434839331714
16.945, 3.5525501160706541, -0.00024590631850347636
16.978, 3.554010678475807, -0.00024576136932029363
17.012, 3.5555116815075962, -0.0002455725177126637
17.045, 3.5569335290811566, -0.00024534789966732217
17.078, 3.5583782661164083, -0.0002451639722318204
17.111, 3.5598642651526085, -0.00024484390969460265
17.146, 3.5613001334053656, -0.00024458927959395262
17.178, 3.5627265823841459, -0.00024432458317219172
17.212, 3.5641900904094515, -0.00024397056368516878
17.245, 3.5655975367700568, -0.00024384798182433407
17.278, 3.5669845710634243, -0.00024403839526309273
17.312, 3.5683714361846404, -0.00024706023435877903
17.345, 3.5696552799782233, -0.00024682638694955748
17.411, 3.5722394938447963, -0.00024401717787465637
17.411, 3.5722394938447963, -0.00024401717787465637
17.445, 3.5735790267914713, -0.00024334796103658946
17.478, 3.5749676742466128, -0.00024283852869193018
17.512, 3.5763942684317453, -0.00024240237517092537
17.546, 3.5777750998831506, -0.00024196951224423821
17.578, 3.5791503877340443, -0.00024141292016687367
17.613, 3.5805641668726951, -0.00024082920609480308
17.645, 3.5819322023672928, -0.0002401984052640123
17.678, 3.5832946490403135, -0.00023951867141831369
17.712, 3.584695305104618, -0.00023876926949262668
17.746, 3.5860506893939998, -0.0002379991142097162
17.778, 3.5874006392540183, -0.00023719040665079011
17.812, 3.5887590257334727, -0.00023632626578887447
17.845, 3.5900743915089195, -0.00023543358934759189
17.878, 3.5914132789304678, -0.00023448374437464969
17.913, 3.592791035660404, -0.00023347613052083336
17.945, 3.5941243525544628, -0.00023246919571406202
17.978, 3.5954522842464094, -0.00023144229656101983
18.013, 3.5968173502179277, -0.00023040524795954077
18.046, 3.5981377099727823, -0.0002294086489637653
18.078, 3.5994512556081326, -0.00022839009557719958
18.112, 3.6007998270150088, -0.00022731285410405879
18.146, 3.6021036491630349, -0.00022625301969735948
18.178, 3.6034021710076281, -0.00022518191264357245
18.212, 3.6047374040178868, -0.0002240609543161507
18.245, 3.6060029099800008, -0.00022296588110122265
18.278, 3.6072900366075991, -0.00022185296036574307
18.311, 3.6086145790316975, -0.0002206814093215705
18.345, 3.6098964931485225, -0.0002195115718420087
18.378, 3.6111733366167389, -0.00021829989065310591
18.412, 3.6124861382355542, -0.00021703371042856894
18.445, 3.6137303536395988, -0.00021581678481386577
18.478, 3.6149693897512329, -0.00021459145073376686
18.51, 3.6162709479339044, -0.0002132902855540116
18.545, 3.6175346007508131, -0.00021201638010316968
18.578, 3.6187899670730297, -0.00021074219720578391
18.612, 3.6200803532650476, -0.00020942696820855619
18.646, 3.6213289333002034, -0.00020815072654348593
18.678, 3.6225723673439014, -0.00020687816261821037
18.712, 3.6238506310115817, -0.00020557020921863764
18.745, 3.6250875028921823, -0.00020430653339558906
18.778, 3.6263192919100322, -0.00020305158586094642
18.813, 3.6275855959951477, -0.00020176592103250966
18.845, 3.6288109074446648, -0.00020052993656107031
18.878, 3.6300311932029823, -0.00019930749102093343
18.911, 3.63128568238597, -0.00019806081651353662
18.946, 3.6324995682276966, -0.00019686557578890812
18.978, 3.6337084814943212, -0.00019568729105959588
19.012, 3.6349512833046624, -0.00019448965926211899
19.045, 3.6361291327424454, -0.00019337006697554821
19.078, 3.6373266028446811, -0.00019224575229793761
19.112, 3.6385586667477945, -0.00019110652294691778
19.145, 3.6397508643615142, -0.00019002168587668855
19.178, 3.6409381407997725, -0.0001889593756248055
19.213, 3.6421328080759445, -0.00018791078365727455
19.245, 3.6433135806751604, -0.00018689208894226384
19.279, 3.6444905065480069, -0.00018589675002872216
19.312, 3.6456747760827013, -0.00018491648581758712
19.345, 3.6468211385558891, -0.0001839857385192655
19.379, 3.6479874249399851, -0.00018305837845572379
19.412, 3.6491872186377692, -0.00018212570362172314
19.479, 3.6515032816432549, -0.0001803872162949014
19.479, 3.6515032816432549, -0.0001803872162949014
19.512, 3.6526935440683004, -0.00017952214901675062
19.545, 3.6538420115427015, -0.00017870501938022245
19.578, 3.6549851784765148, -0.0001779073157933096
19.612, 3.6561598796150379, -0.00017710268481216761
19.645, 3.657296073219332, -0.00017633813610518277
19.678, 3.6584271283589578, -0.00017558940034482085
19.712, 3.6595647794823192, -0.00017484895217176536
19.745, 3.6606885642723235, -0.00017413353600046426
19.778, 3.6618085114890171, -0.00017342880782879203
19.812, 3.6629591709095544, -0.00017272886848827837
19.845, 3.6640719209282979, -0.00017207017119662881
19.878, 3.6651792239449779, -0.00017142615039134935
19.912, 3.6662902203118355, -0.00017076762459629837
19.946, 3.6673954298067235, -0.00017003813573775666
19.979, 3.6684859907139908, -0.00016949282627241576
20.012, 3.6695972878748155, -0.00016898406905752259
20.045, 3.6706584852038793, -0.00016868563155658504
20.078, 3.6716713641726662, -0.00017229782947503943
20.113, 3.6726522940013706, -0.00017058605872902609
20.145, 3.6735797632881497, -0.00016793822614243393
20.178, 3.6745170224919463, -0.00016611897329342837
20.212, 3.6755221297449823, -0.00016480144083659082
20.245, 3.6765565441985713, -0.00016393178345030184
20.279, 3.6776400567194858, -0.00016320421749933174
20.313, 3.6787513569489811, -0.00016239609222163916
20.345, 3.679825171243257, -0.00016157312967858136
20.378, 3.6808919952206627, -0.00016077038813466627
20.413, 3.6819852111864693, -0.00015996591914134301
20.445, 3.6830400353920836, -0.00015919039712661398
20.478, 3.6840885839192703, -0.0001584193833668762
20.512, 3.6851431750137507, -0.00015764353688483101
20.545, 3.6861633030197631, -0.00015689569334314702
20.578, 3.6872008399973315, -0.0001561335301527407
20.613, 3.6882679535806591, -0.00015534680982412386
20.645, 3.689300063116808, -0.00015458637078551258
20.678, 3.6903275458143567, -0.00015382922459431756
20.712, 3.6913835111337781, -0.00015305092218870559
20.779, 3.6934220632809356, -0.00015154761486228652
20.779, 3.6934220632809356, -0.00015154761486228652
20.812, 3.6944700365383705, -0.00015077581924981072
20.846, 3.6954811872071653, -0.0001500325644505111
20.878, 3.6964877748707958, -0.00014929496647325652
20.912, 3.6975222345523977, -0.00014853998562945871
20.945, 3.6985228983832417, -0.00014781336758163047
20.978, 3.6995191705074917, -0.00014709427539974843
21.012, 3.7005430832107753, -0.00014636030225603433
21.045, 3.7015133779838156, -0.00014567083184137248
21.078, 3.7024994664555058, -0.00014497524816950376
21.112, 3.7035137708835952, -0.00014426674378020129
21.146, 3.704495039719196, -0.00014358763603664718
21.178, 3.7054720556500698, -0.00014291834440992185
21.212, 3.7064762236122912, -0.00014223807035916979
21.245, 3.7074476772672833, -0.00014158782784672283
21.278, 3.708414947791598, -0.00014094855409505836
21.312, 3.7094091240630247, -0.00014030048953657254
21.346, 3.7103709359168451, -0.00013968213839866671
21.378, 3.7113286280933426, -0.00013907524434013179
21.412, 3.712312981754827, -0.00013846086489351553
21.445, 3.7132653061152108, -0.00013787608506351747
21.479, 3.7142135649804695, -0.00013730298729179054
21.512, 3.7151882306577542, -0.00013672389859548001
21.546, 3.7161311926157938, -0.00013617344447352516
21.578, 3.7170701390293268, -0.00013563474082926903
21.613, 3.7180352485091617, -0.00013509139088882375
21.645, 3.7189689763327309, -0.00013457598079939713
21.678, 3.7198987390238138, -0.0001340729822574971
21.712, 3.7208544145995237, -0.00013356680747856172
21.745, 3.7217790204044667, -0.00013308760404235281
21.778, 3.7226997035670117, -0.00013262085410884353
21.812, 3.723646056674665, -0.00013215206342217443
21.845, 3.7245616527730698, -0.00013170908273783013
21.878, 3.725473373559141, -0.00013127838822083422
21.912, 3.7263907137536054, -0.00013085547331750458
21.945, 3.7272972729522422, -0.00013044869105687041
21.978, 3.7282007875906302, -0.00013005305440478283
22.012, 3.7291295104302584, -0.00012965704444290374
22.045, 3.7300280282516378, -0.00012928368998160256
22.078, 3.7309227213755478, -0.00012892137555923336
22.112, 3.7318423456283116, -0.00012856017062435999
22.145, 3.7327320680351352, -0.00012822046891082745
22.178, 3.7336180104677483, -0.00012789164958574569
22.212, 3.7345286477085771, -0.00012756332211820494
22.245, 3.7354096834560777, -0.00012725485639455871
22.279, 3.7362872393531128, -0.00012695642847319817
22.312, 3.7371891947876801, -0.00012665864392966133
22.345, 3.7380618816373681, -0.00012637903750415511
22.379, 3.738930798374998, -0.00012610917766285747
22.412, 3.73982395162197, -0.00012584012930069591
22.446, 3.7406880186490414, -0.00012558796023910853
22.478, 3.741548314409358, -0.00012534451890575904
22.512, 3.742432383278155, -0.00012510200051294909
22.545, 3.743287334802003, -0.0001248747725096803
22.577, 3.7441378990323835, -0.00012465595831729335
22.612, 3.7449921703613613, -0.0001244450821224555
22.646, 3.745834205900036, -0.00012424754138880222
22.678, 3.7466705010864745, -0.00012406933198535068
22.712, 3.7475258988050433, -0.00012391003500279135
22.778, 3.7491639945542108, -0.00012365984825737995
22.778, 3.7491639945542108, -0.00012365984825737995
22.845, 3.7508052622288899, -0.00012346433080472085
22.845, 3.7508052622288899, -0.00012346433080472085
22.878, 3.751606766132471, -0.0001233833439276809
22.913, 3.7524197820973972, -0.00012331068137284103
22.945, 3.7531870896850941, -0.0001232468009923209
22.978, 3.7539666598909269, -0.00012318350557045344
23.012, 3.7547690112084249, -0.00012310930240112938
23.046, 3.7555469978048057, -0.00012301932998427247
23.078, 3.7563238804613261, -0.00012292624298650094
23.112, 3.7571071637245157, -0.00012283031090761591
23.145, 3.7578835964870154, -0.00012273245334665231
23.178, 3.7586592230261644, -0.00012263448903972247
23.212, 3.7594581861422522, -0.00012253194635315263
23.245, 3.7602164838764778, -0.00012243439278023039
23.278, 3.7609886471672245, -0.00012233028532974773
23.312, 3.7617673096553466, -0.00012222791251327873
23.345, 3.7625359725544314, -0.00012218970174311013
23.378, 3.7633007887839351, -0.00012210212156992339
23.412, 3.7640852110715155, -0.00012198624125075354
23.445, 3.764842755969418, -0.00012187098914864336
23.479, 3.7655999763443995, -0.000121771016132037
23.512, 3.7663750170010277, -0.00012166876508283124
23.545, 3.7671258960542682, -0.00012158467374252119
23.579, 3.7678747553649177, -0.00012152104657703927
23.612, 3.7686457826472002, -0.00012146284319965517
23.645, 3.7693926128698778, -0.0001214068780699437
23.678, 3.7701370018543909, -0.00012136304346556358
23.712, 3.7709005928661483, -0.00012140914333880517
23.745, 3.7716377479326422, -0.00012149952579984962
23.778, 3.7723687930053287, -0.000121657326850886
23.812, 3.7731089512063973, -0.00012212855679215201
23.845, 3.7737967668904977, -0.00012465900587029882
23.878, 3.7744316993366995, -0.0001322551347148282
23.912, 3.7750236676486417, -0.00013380214107887266
23.946, 3.7755609442928493, -0.00013058015758062955
23.978, 3.7760850839976228, -0.0001280032666386719
24.012, 3.7766332334786119, -0.00012603071998759955
24.078, 3.7778023106094021, -0.00012370413174322324
24.078, 3.7778023106094021, -0.00012370413174322324
24.111, 3.7784975982579954, -0.00012315145825273125
24.145, 3.7792427474481904, -0.00012300721385625414
24.178, 3.7799978154031746, -0.00012296383469379712
24.213, 3.780773506175573, -0.00012282868439238221
24.245, 3.7815220041396178, -0.00012261905546748504
24.279, 3.782265774009252, -0.00012243871088747483
24.312, 3.7830287647950258, -0.00012226644961432607
24.345, 3.7837654925488549, -0.00012206081983293885
24.378, 3.7844978035637826, -0.00012183283249603101
24.412, 3.7852492219212359, -0.00012157309148181474
24.446, 3.7859751135622122, -0.00012128915753380773
24.478, 3.7866968856106973, -0.00012098184464517868
24.512, 3.7874377266328092, -0.00012064066198738647
24.545, 3.7881395554061097, -0.0001202918506169684
24.578, 3.7888513296215005, -0.00011991230596077081
24.613, 3.7895828108795806, -0.00011949871722849479
24.646, 3.790289759093628, -0.00011907541715022293
24.679, 3.7909930066347099, -0.00011863346757388577
24.744, 3.7924133161760119, -0.00011768114341567162
24.744, 3.7924133161760119, -0.00011768114341567162
24.778, 3.7931114622333073, -0.00011717837395758454
24.813, 3.7938250472113051, -0.0001166333745988908
24.845, 3.7945148985114425, -0.00011608861275001566
24.878, 3.7952014434493457, -0.00011552819184542362
24.912, 3.7959067658395482, -0.00011493374441896949
24.945, 3.7965888399880838, -0.00011434243183147489
24.978, 3.7972677239726167, -0.00011373871555589783
25.012, 3.7979652436810838, -0.00011310375207478806
25.045, 3.7986398311119953, -0.00011247685734337376
25.078, 3.799311314648893, -0.00011184144431390655
25.112, 3.7999869456387021, -0.00011119722992099288
25.145, 3.8006544145447108, -0.00011054502005756053
25.178, 3.8013196171368913, -0.0001099125338967711
25.212, 3.802003151143623, -0.00010926573988169305
25.245, 3.8026642304424252, -0.0001086350147783139
25.278, 3.8033222842391621, -0.00010800143719458953
25.312, 3.8039984665348174, -0.00010734516452241548
25.345, 3.8046524758405611, -0.00010670480764925103
25.378, 3.8053035322628506, -0.00010606195549222592
25.412, 3.8059725639073139, -0.00010539638819229791
25.445, 3.8066196924940963, -0.00010474726138080656
25.478, 3.8072639330996347, -0.00010409582378619255
25.513, 3.8079259947202004, -0.00010342128341847709
25.545, 3.8085664107396737, -0.00010276353789192584
25.578, 3.8092039964821458, -0.0001021036792580883
25.612, 3.8098592474927253, -0.00010142051548376212
25.645, 3.8104931016207444, -0.000100754512755472
25.679, 3.8111241809780307, -0.000100087507922725
25.712, 3.8117592158672182, -9.9389176145579181e-05
25.745, 3.8123865816502587, -9.8686010934180993e-05
25.778, 3.8130117546067113, -9.7980155611016755e-05
25.812, 3.8136543040168229, -9.7250336773152746e-05
25.845, 3.8142758982222675, -9.6540974710852918e-05
25.878, 3.8148947911627236, -9.5832310393683182e-05
25.912, 3.8155308743895726, -9.5102363061357289e-05
25.945, 3.8161462249558524, -9.4395396556174637e-05
25.979, 3.8167589140820857, -9.3691247505632778e-05
26.012, 3.8173754401982563, -9.2982949967308754e-05
26.045, 3.8179845579222365, -9.2285744430383224e-05
26.112, 3.8192154669753151, -9.0882293771653544e-05
26.112, 3.8192154669753151, -9.0882293771653544e-05
26.145, 3.8198211108275033, -9.0196755811019295e-05
26.178, 3.8204220819040051, -8.9519946191655918e-05
26.212, 3.8210396751012228, -8.8829458160170514e-05
26.245, 3.821637152701554, -8.8166768396019619e-05
26.278, 3.822232060764172, -8.7512752234323142e-05
26.312, 3.8228306922246342, -8.6860762316236847e-05
26.345, 3.8234221582929768, -8.622418615554834e-05
26.378, 3.8240115927907139, -8.5596692018429334e-05
26.413, 3.8246174345122714, -8.4960066492248217e-05
26.445, 3.8251916149768124, -8.4364428089273862e-05
26.478, 3.8257751051376259, -8.3768372527049737e-05
26.512, 3.826375307845471, -8.3164411698434044e-05
26.545, 3.8269559647565581, -8.2589722038898687e-05
26.579, 3.8275341026162715, -8.2027207329108138e-05
26.613, 3.8281282986666501, -8.1459563143852616e-05
26.645, 3.8287031246879426, -8.0920825126073117e-05
26.678, 3.8292754557778226, -8.039490636798738e-05
26.712, 3.8298636829321784, -7.9865625815573647e-05
26.745, 3.830432733647128, -7.9364659420998689e-05
26.778, 3.8309993158280742, -7.8876920604605875e-05
26.812, 3.8315816356730497, -7.8387373241026512e-05
26.845, 3.8321449718564602, -7.7925154371506894e-05
26.878, 3.8327058634149647, -7.7476146638858677e-05
26.913, 3.8332823347401384, -7.7027144336193028e-05
26.945, 3.8338400127316814, -7.6604923757852357e-05
26.978, 3.83439527044017, -7.6196262319622215e-05
27.013, 3.834954006593454, -7.5796835550615626e-05
27.045, 3.8355059929904116, -7.5414476056815123e-05
27.078, 3.8360560567349373, -7.5045232125832401e-05
27.112, 3.8366213989889153, -7.4678042355330281e-05
27.145, 3.8371682893515762, -7.4334750083769087e-05
27.178, 3.8377127844096997, -7.4004614402586118e-05
27.212, 3.8382723784444712, -7.3677477289038634e-05
27.245, 3.8388137053916207, -7.3372765350982529e-05
27.278, 3.8393526583314954, -7.3080859494117261e-05
27.312, 3.8399065544992728, -7.2792786294447213e-05
27.345, 3.8404423682345157, -7.2525652220953109e-05
27.378, 3.8409758255951485, -7.2271158956446719e-05
27.413, 3.8415240565244271, -7.2021274913669649e-05
27.446, 3.8420436483690179, -7.1795437140467026e-05
27.478, 3.8425713829898944, -7.1576990155888928e-05
27.512, 3.8431139334897768, -7.1364013849832783e-05
27.545, 3.8436382413757793, -7.1169259900789254e-05
27.577, 3.8441591069218544, -7.0986726661864905e-05
27.612, 3.8446958285799417, -7.0813499540508664e-05
27.645, 3.8452085992011642, -7.066089796705502e-05
27.678, 3.8457155134928973, -7.0529364954481066e-05
27.713, 3.8462327068737299, -7.0411528687958823e-05
27.744, 3.8467296949190812, -7.0312247028689957e-05
27.778, 3.8472217106607922, -7.0226170309539801e-05
27.812, 3.8477252716521346, -7.0149380238954237e-05
27.845, 3.8482115081376027, -7.0085286932090274e-05
27.878, 3.8486960266432431, -7.0030554441381334e-05
27.945, 3.849669137510074, -6.9946324020936747e-05
27.945, 3.849669137510074, -6.9946324020936747e-05
27.978, 3.8501427481695285, -6.9917139637454812e-05
28.01, 3.8506414901675159, -6.9894677865858502e-05
28.045, 3.851125712478539, -6.9879620371376001e-05
28.078, 3.8516086447642852, -6.9871839487970847e-05
28.112, 3.8521059680624026, -6.9870168996924074e-05
28.145, 3.8525879375030527, -6.987481825950463e-05
28.178, 3.8530686049576461, -6.9885153117861732e-05
28.212, 3.853563396924383, -6.990106864431016e-05
28.245, 3.8540427317921466, -6.9921008884717855e-05
28.279, 3.8545205853496003, -6.9945595443387409e-05
28.312, 3.8550013884821333, -6.9974887944181512e-05
28.345, 3.8554672363583258, -7.0006564340469152e-05
28.378, 3.8559419843731959, -7.0041598313581611e-05
28.412, 3.8564307465353953, -7.0080109378609949e-05
28.445, 3.8569038639076707, -7.0119259734553768e-05
28.478, 3.8573751237675369, -7.0159580579503815e-05
28.512, 3.8578492040424566, -7.0186424797851323e-05
28.545, 3.8583177980515821, -7.0209430504031801e-05
28.578, 3.8587847270489064, -7.0226520891171045e-05
28.612, 3.8592644792011224, -7.024249546658239e-05
28.645, 3.8597283701057639, -7.0258098075198262e-05
28.678, 3.8601899797112291, -7.0273674480633152e-05
28.712, 3.8606640961134828, -7.0289750977539978e-05
28.745, 3.8611224519134595, -7.0305378947414652e-05
28.779, 3.8615785360657857, -7.0320579556206958e-05
28.813, 3.862047020131282, -7.033561403183224e-05
28.845, 3.8625000038424222, -7.0349400043012293e-05
28.878, 3.8629508241545474, -7.0361805328896031e-05
28.913, 3.8634043048330704, -7.0376464111781943e-05
28.972, 3.8642982590613806, -7.0391390354596368e-05
28.972, 3.8642982590613806, -7.0391390354596368e-05
29.012, 3.8647577827079895, -7.0406425450916498e-05
29.045, 3.8652011493236209, -7.0409508731070043e-05
29.079, 3.8656424357938945, -7.0412242212851111e-05
29.112, 3.8660958775427061, -7.0434755346803128e-05
29.145, 3.8665344669491426, -7.0461874579009448e-05
29.179, 3.8669710943113693, -7.0500483855915261e-05
29.212, 3.8674197771111976, -7.0539949882032511e-05
29.245, 3.8678537950667677, -7.0573075119093553e-05
29.279, 3.8682858957971122, -7.0612884647965879e-05
29.313, 3.8687206079858814, -7.0648802340732148e-05
29.345, 3.8691501253242118, -7.0686515190581555e-05
29.378, 3.8695780372355562, -7.0736504573757418e-05
29.413, 3.8700178513186998, -7.0777915469770415e-05
29.445, 3.8704432684397347, -7.0812534959947379e-05
29.478, 3.8708668150453156, -7.0839043732324948e-05
29.512, 3.8713022419063314, -7.0853003608509359e-05
29.545, 3.8717232604666729, -7.0866205313673352e-05
29.578, 3.8721423599744207, -7.0875589489412472e-05
29.612, 3.8725718685596084, -7.0890297365364273e-05
29.645, 3.8729860213272764, -7.0977190621363686e-05
29.678, 3.8733993350046978, -7.1073807826109475e-05
29.712, 3.8738233645254057, -7.1150444860843944e-05
29.745, 3.874229463049998, -7.1308222563623634e-05
29.778, 3.8746306503166128, -7.1553199150361076e-05
29.812, 3.875036051413089, -7.1751357928985466e-05
29.845, 3.8754099313561032, -7.3008339668021414e-05
29.878, 3.8757514338146959, -7.7105006675682699e-05
29.912, 3.8760555688758269, -8.5572416463451995e-05
29.945, 3.8762937981371661, -9.8739958551594277e-05
29.979, 3.8764756923361356, -0.00010799349461077524
30.013, 3.8766122699112757, -0.00010488217703215828
30.045, 3.8767097300413731, -9.9941834349505159e-05
30.078, 3.8767843050916331, -9.5313591529873072e-05
30.112, 3.8768499941997603, -9.0562661012129315e-05
30.145, 3.876914692858354, -8.6298772600763306e-05
30.178, 3.8769921148206761, -8.2815247211090397e-05
30.213, 3.8770978119001511, -7.9857054106069158e-05
30.245, 3.8772380186893054, -7.7555679934605606e-05
30.277, 3.8774277402397788, -7.5764202315358722e-05
30.312, 3.8776882002665767, -7.4436778711273107e-05
30.345, 3.8780170011074295, -7.3624775618256712e-05
30.378, 3.8784316085997554, -7.3193067112708568e-05
30.413, 3.8789346464305012, -7.3177343889791827e-05
30.445, 3.8794195662358741, -7.3114613656997875e-05
30.478, 3.879899090658478, -7.3098753951238041e-05
30.512, 3.8803877612889575, -7.3019669012723489e-05
30.545, 3.8808562803172375, -7.2946658172990842e-05
30.578, 3.8813188703902353, -7.2866190194080134e-05
30.612, 3.8817904490016564, -7.2770001198333082e-05
30.645, 3.8822430941099682, -7.2679205765242017e-05
30.678, 3.882690506339133, -7.2569321538074245e-05
30.712, 3.8831470803838468, -7.2448877865309872e-05
30.745, 3.8835858487287269, -7.2309493353421635e-05
30.778, 3.8840200143840802, -7.2157601716684786e-05
30.813, 3.8844557489023486, -7.1986472273014748e-05
30.845, 3.8848821733059791, -7.1819355661221162e-05
30.879, 3.8853050494610675, -7.1621010290567454e-05
30.912, 3.8857373423190325, -7.1411929228981587e-05
30.945, 3.8861535347253815, -7.1195812980974585e-05
30.979, 3.8865660247237912, -7.0970589287512904e-05
31.013, 3.8869909051893088, -7.0729699157676571e-05
31.045, 3.88739756940836, -7.0480557728388988e-05
31.078, 3.8878007360504578, -7.0225463623768011e-05
31.112, 3.8882135287641089, -6.9953878641227022e-05
31.145, 3.8886114722628808, -6.9682193148873253e-05
31.178, 3.8890063722385686, -6.9403948312068235e-05
31.212, 3.889403133854985, -6.9118545015918733e-05
31.245, 3.8897932820940655, -6.882272324238082e-05
31.278, 3.8901809559528644, -6.8524995923152673e-05
31.312, 3.8905783197755119, -6.821350854837105e-05
31.344, 3.8909617599209669, -6.7905829928797081e-05
31.378, 3.8913426231500248, -6.7593013372317984e-05
31.412, 3.8917331595375666, -6.7264672767026155e-05
31.445, 3.8921102799556175, -6.6941059328366054e-05
31.479, 3.8924850276357175, -6.6610058886399758e-05
31.513, 3.8928617957303144, -6.6274399336482213e-05
31.545, 3.8932329950242748, -6.5930823673005073e-05
31.578, 3.8936022529862284, -6.5588627926283923e-05
31.609, 3.8939811619838913, -6.5233373457297886e-05
31.675, 3.8947110338909101, -6.4557019321575832e-05
31.675, 3.8947110338909101, -6.4557019321575832e-05
31.713, 3.8950859627844214, -6.4209892425637791e-05
31.745, 3.8954467524001575, -6.389715012798009e-05
31.778, 3.895805461890355, -6.3578915497396161e-05
31.812, 3.8961736779585623, -6.3248160992587305e-05
31.845, 3.896529484874351, -6.292669593618833e-05
31.879, 3.8968833669192637, -6.2605763637666774e-05
31.912, 3.8972466982097793, -6.2275162867221184e-05
31.946, 3.8975978441275512, -6.195423329792263e-05
31.978, 3.8979471456817416, -6.1633800245544307e-05
32.013, 3.8983058293062176, -6.130362333930665e-05
32.045, 3.8986525327440611, -6.0983099862641386e-05
32.079, 3.8989974616788539, -6.066312501102099e-05
32.112, 3.8993517017458452, -6.0333345585075645e-05
32.145, 3.8996941517580739, -6.0013233019724741e-05
32.178, 3.9000348883574083, -5.9693720109627404e-05
32.212, 3.9003848607044818, -5.9364343268187024e-05
32.245, 3.9007164503605241, -5.9045768164302202e-05
32.278, 3.9010531062705636, -5.8730590602742115e-05
32.312, 3.9013991904948511, -5.8402559539441894e-05
32.378, 3.9020668390500721, -5.7755726517680494e-05
32.378, 3.9020668390500721, -5.7755726517680494e-05
32.412, 3.9024099918167798, -5.7407097739972665e-05
32.445, 3.9027408033609197, -5.7068723319930003e-05
32.478, 3.9030633818838174, -5.6737499452743231e-05
32.512, 3.9034015411385981, -5.6389140670346294e-05
32.545, 3.9037288108484129, -5.6051166838873855e-05
32.578, 3.9040545443961676, -5.5714158806585858e-05
32.612, 3.9043891953761984, -5.5367704624086211e-05
32.645, 3.904706304343589, -5.5039438910568574e-05
32.678, 3.9050283697241532, -5.4706061347848291e-05
32.712, 3.9053526599492487, -5.4371044480032855e-05
32.745, 3.9056728834738084, -5.4040782391789469e-05
32.812, 3.9063196323521523, -5.3376934026336098e-05
32.812, 3.9063196323521523, -5.3376934026336098e-05
32.845, 3.9066377922465394, -5.3052272665277441e-05
32.877, 3.9069532812709378, -5.273168817228586e-05
32.912, 3.9072783667320827, -5.2403160882331735e-05
32.946, 3.9075918100395461, -5.2088170456964488e-05
32.978, 3.9079037654830215, -5.1776652434530101e-05
33.012, 3.90821762807954, -5.1465210407654369e-05
33.045, 3.9085275830220514, -5.1160060590254295e-05
33.078, 3.9088363744989159, -5.085848249147524e-05
33.113, 3.9091536627730989, -5.0551009683991643e-05
33.145, 3.9094605214870803, -5.0256280075083217e-05
33.178, 3.9097659663145019, -4.9965400557818631e-05
33.212, 3.9100798105841044, -4.9669193805609454e-05
33.245, 3.910383345347805, -4.9385421374203104e-05
33.278, 3.9106854878402015, -4.9105607521525503e-05
33.312, 3.9109959452958312, -4.8820910504832015e-05
33.345, 3.9112962100413777, -4.8548359097764284e-05
33.378, 3.91159510335845, -4.8279684166525221e-05
33.412, 3.9119022270454926, -4.8006459488339366e-05
33.446, 3.9121992724273826, -4.7744992507310857e-05
33.513, 3.9127988028382532, -4.7224912064563476e-05
33.513, 3.9127988028382532, -4.7224912064563476e-05
33.546, 3.9130937519322191, -4.6972433558157797e-05
33.579, 3.9133862938823816, -4.6725178476034825e-05
33.612, 3.9136868522209856, -4.6473784742009215e-05
33.645, 3.9139775520845763, -4.623323950953501e-05
33.679, 3.9142669317261656, -4.5996435454888014e-05
33.712, 3.9145642880037723, -4.5755725199979845e-05
33.745, 3.9148518935388674, -4.5525354970663861e-05
33.778, 3.9151381950822892, -4.5298825413160529e-05
33.813, 3.9154323910848592, -4.5068986538987027e-05
33.877, 3.9160002042417363, -4.4632078802799351e-05
33.877, 3.9160002042417363, -4.4632078802799351e-05
33.911, 3.9162920904692275, -4.4411265793008438e-05
33.945, 3.9165736291616993, -4.4200583368812516e-05
33.978, 3.9168538618860591, -4.3993072856336744e-05
34.012, 3.9171418253195318, -4.3782095543323424e-05
34.045, 3.9174203523298847, -4.3579989226973757e-05
34.078, 3.9176976217485269, -4.3380870169731201e-05
34.112, 3.9179825377443107, -4.3178445857637667e-05
34.146, 3.9182525355978552, -4.2988301985673971e-05
34.178, 3.9185268219084892, -4.2797898551568306e-05
34.218, 3.9190817139858067, -4.2417749541289987e-05
34.218, 3.9190817139858067, -4.2417749541289987e-05
34.278, 3.9193545741507956, -4.2233702168914064e-05
34.312, 3.9196252147573469, -4.2052304372003611e-05
34.345, 3.9198950398263852, -4.1874656776802871e-05
34.378, 3.9201640027948019, -4.1698662621753473e-05
34.413, 3.9204404937000428, -4.1519723646680827e-05
34.445, 3.920707923043028, -4.1348314047536407e-05
34.478, 3.9209740197947673, -4.1179274065392932e-05
34.512, 3.9212473562568291, -4.100734712425019e-05
34.545, 3.9215117068676792, -4.0842744842331435e-05
34.578, 3.9217748394028065, -4.0680455703707391e-05
34.612, 3.9220451355267962, -4.0515319108949627e-05
34.645, 3.9223063582094411, -4.0357163731657999e-05
34.678, 3.9225659871571934, -4.0201280910658609e-05
34.712, 3.9228320457359054, -4.0042886907659457e-05
34.745, 3.923088367230076, -3.9891730466422296e-05
34.778, 3.9233421205780563, -3.9744008806611267e-05
34.812, 3.9236008848807447, -3.9596190701257552e-05
34.845, 3.9238490116666327, -3.945989787079852e-05
34.878, 3.924093903598791, -3.9334909987274898e-05
34.912, 3.9243432761712103, -3.9222061191839646e-05
34.945, 3.9245821425360412, -3.9132075792148271e-05
34.978, 3.9248172860229613, -3.9064608844075637e-05
35.013, 3.9250556725979155, -3.902220790769107e-05
35.046, 3.925282521689538, -3.90153461356347e-05
35.078, 3.9255037334166842, -3.9050790781452107e-05
35.113, 3.9257251287120778, -3.9139373530008355e-05
35.145, 3.9259327431161548, -3.9281452421388383e-05
35.178, 3.9261326878141638, -3.9476955329478976e-05
35.212, 3.9263312334402309, -3.9721656158610154e-05
35.245, 3.9265170238701654, -3.9989744087776596e-05
35.277, 3.9266959885899979, -4.0278479608400096e-05
35.313, 3.9268739467524334, -4.0587103332467186e-05
35.346, 3.927040488596095, -4.090161696747149e-05
35.378, 3.927201269486722, -4.1218290110640573e-05
35.412, 3.9273618298350463, -4.1544906812256118e-05
35.445, 3.9275135208873362, -4.1809302190451989e-05
35.479, 3.9276620034479217, -4.1822218086402609e-05
35.512, 3.9278132608177194, -4.2017719000376877e-05
35.545, 3.9279597827790096, -4.2345291211673687e-05
35.578, 3.928107562040478, -4.2670209609778444e-05
35.612, 3.9282632336492376, -4.3000547865092792e-05
35.645, 3.9284180199213199, -4.3320759523975003e-05
35.678, 3.9285767783439103, -4.3633697299394312e-05
35.713, 3.9287452748107015, -4.3952550751487082e-05
35.745, 3.9289134685596276, -4.4257981015276351e-05
35.778, 3.9290857028892767, -4.4563005717879607e-05
35.845, 3.9294476055642846, -4.5168541703619995e-05
35.845, 3.9294476055642846, -4.5168541703619995e-05
35.878, 3.929627762180099, -4.5448836963111721e-05
35.912, 3.9298200052743222, -4.5743824496431197e-05
35.945, 3.9300095607493222, -4.601851283673802e-05
35.978, 3.9302015257194443, -4.6284276797580929e-05
36.009, 3.9304020214948632, -4.6548169513339809e-05
36.045, 3.9305988029373968, -4.6793934141985638e-05
36.078, 3.9307973679473074, -4.702861256752917e-05
36.112, 3.9310040609719104, -4.7258679960806248e-05
36.146, 3.9312063203732519, -4.7469975420104506e-05
36.178, 3.9314098555392039, -4.7668828953566236e-05
36.212, 3.9316157186113569, -4.7857071764747762e-05
36.245, 3.931821995503165, -4.8029361692557392e-05
36.278, 3.9320293477556287, -4.8189056644239879e-05
36.31, 3.932244198904439, -4.8339909366361095e-05
36.345, 3.9324486083742318, -4.8472175405270054e-05
36.379, 3.9326584553030122, -4.8590156916915978e-05
36.412, 3.9328705560606489, -4.869970295091099e-05
36.445, 3.9330819603995972, -4.8790465396325053e-05
36.479, 3.933293790735779, -4.8870195473873841e-05
36.512, 3.9335126394442481, -4.8939218473464221e-05
36.545, 3.9337253430983496, -4.8993639628857838e-05
36.578, 3.9339380454263706, -4.9035828067754551e-05
36.612, 3.9341575662054695, -4.9066738393445936e-05
36.645, 3.9343707302744972, -4.908484575749442e-05
36.678, 3.9345837142007718, -4.9091638584268324e-05
36.709, 3.9348033418482791, -4.9086840476858111e-05
36.745, 3.9350165506484456, -4.907428170502992e-05
36.779, 3.9352292982157731, -4.9042275534242235e-05
36.812, 3.9354485032808828, -4.9000632157220354e-05
36.845, 3.9356610258608726, -4.8949024101419382e-05
36.878, 3.9358730247190463, -4.8886609092173616e-05
36.912, 3.9360866607650786, -4.8817344983956661e-05
36.945, 3.9362979870383468, -4.8727819874913033e-05
36.978, 3.9365087346686782, -4.8632439964852457e-05
37.011, 3.9367254121587343, -4.8523220218095085e-05
37.045, 3.9369350088872603, -4.8407426609966475e-05
37.079, 3.9371436007070728, -4.8282626372647641e-05
37.112, 3.9373578099683519, -4.8144571344628704e-05
37.146, 3.9375610273031478, -4.8012065320997791e-05
37.178, 3.9377668013657292, -4.7855516964144373e-05
37.213, 3.9379780756596019, -4.7692525087010375e-05
37.245, 3.9381820625654278, -4.7527377380186881e-05
37.305, 3.938592466469383, -4.7173461926255056e-05
37.305, 3.938592466469383, -4.7173461926255056e-05
37.345, 3.9387941412042933, -4.699687929105141e-05
37.379, 3.938993213358422, -4.6802956795319701e-05
37.412, 3.939197200225244, -4.660410006396331e-05
37.446, 3.9393940198920894, -4.64067229307021e-05
37.478, 3.9395895035588655, -4.6205894376709028e-05
37.512, 3.9397899592306858, -4.5994845574403276e-05
37.545, 3.9399835089002715, -4.5786855493537771e-05
37.578, 3.9401759026958816, -4.5576259102660204e-05
37.612, 3.9403733575546442, -4.535618709639824e-05
37.645, 3.9405641545310082, -4.5140960023581273e-05
37.678, 3.9407539439189865, -4.4923616217962809e-05
37.712, 3.9409488580298784, -4.4700716804176449e-05
37.746, 3.9411373140586736, -4.4484185660224116e-05
37.779, 3.9413248798865443, -4.4267926099929716e-05
37.812, 3.9415176048606559, -4.4071418739448991e-05
37.845, 3.9417040206912501, -4.3885715232506634e-05
37.878, 3.9418896330010327, -4.3698656340116866e-05
37.912, 3.9420804209076432, -4.3509739399238789e-05
37.945, 3.9422650243111352, -4.3328416200443673e-05
37.979, 3.9424488772998449, -4.314842637947799e-05
38.012, 3.9426379055510599, -4.2965230070912116e-05
38.045, 3.9428208488969183, -4.2787823558961379e-05
38.078, 3.9430030876630213, -4.2611429694640942e-05
38.112, 3.943190493331501, -4.2431901651842145e-05
38.146, 3.9433682033827937, -4.2242026225855417e-05
38.178, 3.9435489084502731, -4.2085160715626098e-05
38.212, 3.943734916143192, -4.1915868917439195e-05
38.245, 3.9439149888830762, -4.174665452010551e-05
38.278, 3.9440944068732375, -4.1579012078954586e-05
38.345, 3.9444536557648187, -4.1247106375366293e-05
38.345, 3.9444536557648187, -4.1247106375366293e-05
38.378, 3.9446323416609386, -4.1072498423976282e-05
38.412, 3.9448155900961508, -4.0924657710150072e-05
38.445, 3.944992978797027, -4.0772727213454177e-05
38.478, 3.9451697295826555, -4.0617459015035373e-05
38.512, 3.9453515309798406, -4.0435661864629667e-05
38.545, 3.9455275397359273, -4.0259136216007727e-05
38.578, 3.9457029188031107, -4.0083279939393446e-05
38.613, 3.9458833097209847, -3.9902656786382406e-05
38.645, 3.9460543169902462, -3.9732210730272376e-05
38.679, 3.9462283021333047, -3.9558761547260633e-05
38.713, 3.9464074071428104, -3.9381272730323319e-05
38.745, 3.9465808007712972, -3.9210476367096566e-05
38.778, 3.9467535607932129, -3.9041473256702952e-05
38.812, 3.9469312415782474, -3.8869021478224713e-05
38.845, 3.9471032433908553, -3.8703569151392057e-05
38.878, 3.9472746103237202, -3.8540319943301819e-05
38.912, 3.9474508516936866, -3.8374204214061089e-05
38.945, 3.9476214538339085, -3.8215237629896235e-05
38.978, 3.9477914197024022, -3.8058759832841042e-05
39.012, 3.947966213631509, -3.7899906956047439e-05
39.045, 3.9481354079477957, -3.7748265322841814e-05
39.078, 3.9483039643051137, -3.7599365189022309e-05
39.112, 3.9484735844103445, -3.7452000453479986e-05
39.145, 3.9486413324238128, -3.7308186145037788e-05
39.177, 3.9488085899957981, -3.7167290355362067e-05
39.212, 3.9489805841355961, -3.7024853365361085e-05
39.245, 3.9491470479778723, -3.6889405807106186e-05
39.278, 3.9493128638458175, -3.6756883895310749e-05
39.312, 3.9494833615051128, -3.6623137695286723e-05
39.345, 3.9496483705814209, -3.6496155683255395e-05
39.378, 3.949812730775875, -3.6372096007857511e-05
39.412, 3.9499817233339836, -3.6247022592863263e-05
39.445, 3.9501452678163687, -3.6128415243048304e-05
39.478, 3.9503081620108582, -3.6012663342512362e-05
39.512, 3.9504756412910118, -3.589611048772684e-05
39.545, 3.9506377162409136, -3.5785683269388155e-05
39.579, 3.9507991418409487, -3.5678000186447198e-05
39.613, 3.9509651061653845, -3.5569639059407204e-05
39.645, 3.9511257104284967, -3.5467032808295554e-05
39.678, 3.951285666767987, -3.5367019526698023e-05
39.712, 3.9514501159348066, -3.5266400435902642e-05
39.745, 3.9516092497837598, -3.5171126454098074e-05
39.778, 3.9517677374916382, -3.5078243086934085e-05
39.812, 3.9519306711431899, -3.4984833946917967e-05
39.845, 3.952088331944394, -3.4896374288564456e-05
39.878, 3.9522453445766299, -3.4810070856074325e-05
39.913, 3.9524067549904776, -3.4723076746257915e-05
39.945, 3.9525629371690512, -3.4640499862562245e-05
39.977, 3.9527191287728556, -3.4559166261545498e-05
40.013, 3.9528790261967948, -3.447780668003742e-05
40.045, 3.9530337147822379, -3.4400264736840078e-05
40.078, 3.9531877587434066, -3.432413718040044e-05
40.112, 3.9533427391617773, -3.4248726346692124e-05
40.145, 3.9534959262615152, -3.4175096424258508e-05
40.179, 3.9536486118043106, -3.4102585168768482e-05
40.212, 3.9538055574280535, -3.4029015430882065e-05
40.245, 3.9539573955942768, -3.3958526786820866e-05
40.278, 3.9541085836590364, -3.3888954932727997e-05
40.312, 3.9542639769159926, -3.3817995076927953e-05
40.345, 3.9544143094926358, -3.3749660251607292e-05
40.378, 3.9545639961103629, -3.3676423983243744e-05
40.412, 3.954717846902335, -3.3589315147297439e-05
40.445, 3.9548666858899244, -3.3503257035251869e-05
40.478, 3.9550148828422169, -3.3417841715867174e-05
40.512, 3.9551671990977622, -3.3329968096152002e-05
40.545, 3.9553145519080175, -3.3244456145305334e-05
40.578, 3.9554613177377242, -3.3158093395994765e-05
40.613, 3.9556089578566991, -3.3075314734700749e-05
40.645, 3.9557548580869417, -3.2985224632885755e-05
40.678, 3.9559002587358005, -3.2896343371298495e-05
40.712, 3.9560497000059538, -3.2805679556027412e-05
40.746, 3.9561912869473947, -3.2723053925212018e-05
40.778, 3.956335192612721, -3.2631214529859365e-05
40.812, 3.9564832184701459, -3.2537611262410389e-05
40.845, 3.956623467526986, -3.2452072547553319e-05
40.878, 3.9567660066698442, -3.2358290179978222e-05
40.913, 3.9569126233446932, -3.2262261821323455e-05
40.974, 3.9571956563759638, -3.207504829980115e-05
40.974, 3.9571956563759638, -3.207504829980115e-05
41.013, 3.9573411121065392, -3.1987375178278023e-05
41.045, 3.9574814881254365, -3.1885277280057805e-05
41.079, 3.9576212307431327, -3.1785002442855117e-05
41.112, 3.957764845992104, -3.1684577066652401e-05
41.145, 3.9579037715091809, -3.1587129671487714e-05
41.178, 3.9580420874121209, -3.1488151666625745e-05
41.212, 3.9581842384395904, -3.1385308117097386e-05
41.279, 3.9584586573006946, -3.1208032819583358e-05
41.279, 3.9584586573006946, -3.1208032819583358e-05
41.313, 3.9585996858208916, -3.1122316495617526e-05
41.345, 3.9587358021844303, -3.1043582634052069e-05
41.378, 3.9588713099902146, -3.0963570366504618e-05
41.413, 3.9590105783299712, -3.0881427833245554e-05
41.445, 3.9591453037918942, -3.0801481120732513e-05
41.478, 3.9592794430481861, -3.072154858445778e-05
41.512, 3.9594173073537089, -3.0638759280905341e-05
41.546, 3.9595506764510429, -3.0558215412741641e-05
41.578, 3.9596834673681736, -3.0477463394607073e-05
41.612, 3.9598170425413408, -3.0396304910780311e-05
41.646, 3.9599490461391462, -3.0311930395803391e-05
41.678, 3.9600806006521632, -3.0230099872619086e-05
41.713, 3.9602158125177405, -3.0143261136709393e-05
41.745, 3.9603466134011165, -3.005854293613842e-05
41.778, 3.9604768446129719, -2.9973089736459321e-05
41.812, 3.9606106912843533, -2.9883249198037705e-05
41.878, 3.9608690918904728, -2.9706386231099451e-05
41.878, 3.9608690918904728, -2.9706386231099451e-05
41.912, 3.9610018853222382, -2.9610981583243326e-05
41.945, 3.9611300677691919, -2.9520669899301093e-05
41.978, 3.9612576823560022, -2.9427503508468759e-05
42.012, 3.9613888422522927, -2.9329506542599664e-05
42.045, 3.9615157273273272, -2.9233239444762709e-05
42.079, 3.9616420642506669, -2.9135588585421007e-05
42.113, 3.9617691461969486, -2.9039529588263411e-05
42.145, 3.9618947401499818, -2.8932475255835171e-05
42.179, 3.962019904929976, -2.8831583070258758e-05
42.212, 3.9621458132705261, -2.8730448737644961e-05
42.246, 3.9622676693055379, -2.8624715105841065e-05
42.278, 3.9623916473725465, -2.8512442718779494e-05
42.312, 3.9625191791915113, -2.8400019860796444e-05
42.345, 3.9626425512030892, -2.8287733299946409e-05
42.378, 3.9627653800996394, -2.8174145894700453e-05
42.412, 3.9628916125060285, -2.8054635127532973e-05
42.445, 3.9630112019922552, -2.7944038148660441e-05
42.478, 3.9631327531948655, -2.7819818415884632e-05
42.512, 3.9632577822249089, -2.7695803229074397e-05
42.545, 3.9633787327765013, -2.7572130149493518e-05
42.578, 3.9634991510376576, -2.7447323388316753e-05
42.612, 3.9636229059713375, -2.7316463084605853e-05
42.645, 3.9637426198291328, -2.7187606207210097e-05
42.678, 3.9638618087729394, -2.7057305930092479e-05
42.712, 3.9639843024608097, -2.6920953562398025e-05
42.745, 3.9641027987420121, -2.6786684816239151e-05
42.778, 3.9642207774507252, -2.6651038864225961e-05
42.812, 3.9643420289541083, -2.6509315696634433e-05
42.845, 3.9644593256854908, -2.6369761386495258e-05
42.878, 3.9645761117450586, -2.6229235851771628e-05
42.913, 3.9646961390333604, -2.6083263067568083e-05
42.946, 3.964812253742152, -2.5939656556141675e-05
42.979, 3.9649278644166062, -2.5794934353289977e-05
43.013, 3.9650466842212349, -2.5644249578091877e-05
43.045, 3.965161632615517, -2.5496337534851677e-05
43.078, 3.9652760833549827, -2.5347601310532545e-05
43.113, 3.9653937116066968, -2.5192998681839193e-05
43.145, 3.9655075090381389, -2.5041329957985352e-05
43.178, 3.9656208148377035, -2.4888848096978299e-05
43.213, 3.9657348015499498, -2.4734599309593516e-05
43.245, 3.9658473938297383, -2.4583458966671738e-05
43.278, 3.9659596723295465, -2.4421861440702315e-05
43.312, 3.9660750478025668, -2.4260536821544948e-05
43.345, 3.9661843815937754, -2.4105537459916765e-05
43.379, 3.9662954354403905, -2.3949217456916986e-05
43.412, 3.9664073445217705, -2.3784558808141166e-05
43.446, 3.9665155766882685, -2.3629780933618882e-05
43.478, 3.9666256884871034, -2.3465637235064869e-05
43.512, 3.9667366362262553, -2.3299692181176751e-05
43.545, 3.9668461610821972, -2.3133624544013914e-05
43.578, 3.9669553801766928, -2.2968202499318709e-05
43.613, 3.9670676080539518, -2.279435653413574e-05
43.645, 3.9671761615532248, -2.2627292929511883e-05
43.678, 3.9672842345923773, -2.2459158392126664e-05
43.712, 3.967395296378438, -2.2284354185884976e-05
43.746, 3.9675027282644377, -2.2114983288082242e-05
43.778, 3.9676096877406577, -2.1944976108320046e-05
43.812, 3.9677196096181238, -2.1768363022834855e-05
43.845, 3.9678259402722587, -2.1599201496703801e-05
43.878, 3.9679296190543076, -2.1441507166788936e-05
43.912, 3.968038392780556, -2.1253724501977801e-05
43.945, 3.9681437156058221, -2.1085211094983723e-05
43.978, 3.9682485768509084, -2.0915997437804347e-05
44.012, 3.9683540445774823, -2.0753276352391091e-05
44.045, 3.9684583031756029, -2.0569139725672119e-05
44.078, 3.9685621538852565, -2.039767869596255e-05
44.14, 3.9687698918337184, -2.0054159232104896e-05
44.14, 3.9687698918337184, -2.0054159232104896e-05
44.178, 3.9688731044372032, -1.9880162867027322e-05
44.212, 3.9689764942689902, -1.9718487591108599e-05
44.245, 3.9690766433458942, -1.954950510547958e-05
44.279, 3.969178625397042, -1.9369915409849699e-05
44.312, 3.9692833573921029, -1.9191522105917388e-05
44.345, 3.9693824552926005, -1.9024568485595464e-05
44.378, 3.9694835219106626, -1.8846216685680706e-05
44.413, 3.9695872411071842, -1.867198910777696e-05
44.444, 3.9696875515962353, -1.8493606414578255e-05
44.478, 3.9697874465958192, -1.83215811758029e-05
44.513, 3.9698901311895889, -1.8145941983865391e-05
44.545, 3.9699894346735842, -1.7977193086558153e-05
44.579, 3.9700882876334043, -1.7810491738421047e-05
44.612, 3.9701899013813251, -1.7639700757494416e-05
44.645, 3.9702881680528641, -1.7475346292194936e-05
44.678, 3.9703859934032728, -1.7312235112042597e-05
44.713, 3.9704865562625056, -1.7144567503665982e-05
44.745, 3.9705837991552668, -1.6983080288116968e-05
44.778, 3.970680612550562, -1.6822574323004704e-05
44.812, 3.9707801381605563, -1.6657272954851545e-05
44.845, 3.9708763688751669, -1.6498173493063249e-05
44.878, 3.9709721871643859, -1.6339861239306759e-05
44.912, 3.9710706845131161, -1.617671963868214e-05
44.945, 3.9711659153859529, -1.6019744992408764e-05
44.978, 3.9712607538332794, -1.5863067393731912e-05
45.012, 3.9713582258017732, -1.5701678238921742e-05
45.045, 3.9714524733242365, -1.5546351269030902e-05
45.078, 3.9715463378819691, -1.5391107994448415e-05
45.112, 3.971642787645115, -1.5231462972826406e-05
45.145, 3.9717360702422893, -1.5077393245912001e-05
45.179, 3.9718289562302762, -1.4923471170340368e-05
45.212, 3.9719223051236461, -1.4769691136396022e-05
45.245, 3.9720145349784945, -1.4612707529570481e-05
45.279, 3.9721067039186546, -1.4460889167126657e-05
45.313, 3.9722009753032612, -1.4305126528564789e-05
45.345, 3.9722909016674901, -1.4152589064584218e-05
45.378, 3.9723803836623826, -1.403323633015247e-05
45.413, 3.9724753034588627, -1.3859763160081876e-05
45.445, 3.972563155617105, -1.3727597207909401e-05
45.478, 3.9726521345522454, -1.3621075849354526e-05
45.512, 3.9727461194761413, -1.3448168323672418e-05
45.545, 3.9728346341496237, -1.3328535977279574e-05
45.578, 3.9729235234080194, -1.3201532360692897e-05
45.612, 3.973015306894728, -1.3054093147180106e-05
45.645, 3.9731022399410141, -1.2915335060831498e-05
45.679, 3.9731877149684585, -1.2867116963896478e-05
45.712, 3.9732790445211004, -1.2704489344569018e-05
45.745, 3.9733674177989493, -1.2547059312857411e-05
45.778, 3.9734529735415616, -1.2454924545365125e-05
45.812, 3.9735409642364998, -1.2358349878130971e-05
45.845, 3.9736269737774732, -1.2195133273828348e-05
45.878, 3.973710968516754, -1.2107985218154427e-05
45.912, 3.9737969454610349, -1.1986081734171345e-05
45.945, 3.9738802942140512, -1.1904928173804369e-05
45.978, 3.9739643944947773, -1.1796146355993328e-05
46.013, 3.9740494103573663, -1.1670845848192024e-05
46.044, 3.9741276060827868, -1.1661188950332024e-05
46.078, 3.9741988854881964, -1.1839157653771792e-05
46.112, 3.9742622996134016, -1.2446179065143592e-05
46.145, 3.9743113018958809, -1.3481469045977289e-05
46.178, 3.9743451915236934, -1.5295751947803084e-05
46.212, 3.9743613815677508, -1.8287450668086687e-05
46.245, 3.9743626049822258, -2.2492301626245547e-05
46.278, 3.9743634233667655, -2.7836029904615475e-05
46.312, 3.9743645212988463, -3.5009047219342893e-05
46.345, 3.9743658859600868, -4.3932198102454734e-05
46.378, 3.974367543424838, -5.4780724397765277e-05
46.413, 3.974369558316448, -6.7984769732076897e-05
46.446, 3.9743718172143336, -8.280402923697817e-05
46.479, 3.9743743094260138, -9.9164467241756883e-05
46.513, 3.9743767016638358, -0.00011489813757414444
46.546, 3.9743783854100321, -0.00012599447211156668
46.578, 3.9743790672710211, -0.00013048908995930665
46.612, 3.9743791225932399, -0.00013085106424325232
46.645, 3.9743791867256668, -0.00013126943173466079
46.678, 3.9743792634499036, -0.00013177393359774914
46.712, 3.9743793516982899, -0.00013235418014237004
46.745, 3.9743792733039469, -0.00013183377743379896
46.778, 3.9743788772388622, -0.0001292138835078889
46.812, 3.9743785005732462, -0.00012673468222453054
46.845, 3.9743781691874216, -0.00012454727035409864
46.878, 3.9743778643163403, -0.0001225371960388682
46.912, 3.9743775733784523, -0.00012062020822106729
46.946, 3.9743773101479212, -0.00011888645541705982
46.978, 3.9743770635042361, -0.00011726252067432794
47.012, 3.9743768244575222, -0.00011568915397455935
47.046, 3.9743766052747498, -0.00011424702982118364
47.078, 3.9743763972995456, -0.00011287911880749475
47.112, 3.9743761938513953, -0.0001115414596669198
47.145, 3.9743760049688572, -0.00011030000224717166
47.178, 3.9743758240674798, -0.00010911143174530434
47.213, 3.9743756405069743, -0.0001079055508561369
47.245, 3.9743751982972215, -0.00010499800016742226
47.279, 3.9743741773273835, -9.9734576353827204e-05
47.312, 3.9743724487797474, -9.2889071250267579e-05
47.345, 3.9743710931760172, -8.5348340241554613e-05
47.378, 3.9743712129459245, -7.7384353026991717e-05
47.412, 3.9743757122053469, -6.9451063837689769e-05
47.445, 3.9743894570801044, -6.3334728869609105e-05
47.478, 3.9744131268166458, -6.0145495436812318e-05
47.512, 3.9744470841246038, -5.9315427841312871e-05
47.545, 3.974483974655687, -5.9340672254003127e-05
47.578, 3.9745270064756824, -5.9226201381870779e-05
47.612, 3.9745803520924543, -5.891378360463277e-05
47.645, 3.9746431260759505, -5.8379332847597376e-05
47.678, 3.9747187965368393, -5.7565140865004118e-05
47.713, 3.974812491995289, -5.6455219728430913e-05
47.745, 3.9749203327506368, -5.5074801725775186e-05
47.778, 3.975046111382206, -5.3264015896779136e-05
47.812, 3.9751743742589376, -5.1558461143074298e-05
47.845, 3.9752961812221361, -5.0042608965069892e-05
47.879, 3.9754125682108636, -4.8406034936277772e-05
47.912, 3.9755286429651822, -4.6858573002449821e-05
47.945, 3.9756378350602608, -4.5423803674073324e-05
47.978, 3.9757438351601673, -4.3979634438138534e-05
48.013, 3.975849794847178, -4.2560396843385443e-05
48.045, 3.9759493852182408, -4.122764151905371e-05
48.079, 3.9760456554139973, -3.9914632367068727e-05
48.146, 3.9762315837623854, -3.7403600613227536e-05
48.146, 3.9762315837623854, -3.7403600613227536e-05
48.178, 3.9763194222136278, -3.6262064106647561e-05
48.213, 3.9764059693907008, -3.5068452689059737e-05
48.245, 3.9764884841557651, -3.3980459015152863e-05
48.278, 3.9765681599091325, -3.2876642454866577e-05
48.313, 3.9766478901781075, -3.1785894081016533e-05
48.346, 3.9767233235784123, -3.084323271025256e-05
48.378, 3.9767972343717557, -2.9876501760663221e-05
48.413, 3.9768727488304041, -2.88328574971835e-05
48.445, 3.9769474059866647, -2.7767736062870506e-05
48.478, 3.9770214181540919, -2.6752205534480132e-05
48.512, 3.9770987865959242, -2.5709199970833248e-05
48.545, 3.9771781960377734, -2.4639532149318865e-05
48.579, 3.9772622275648248, -2.355217467975358e-05
48.613, 3.9773557975794405, -2.2378119206973565e-05
48.645, 3.9774440987626352, -2.1317714348088955e-05
48.678, 3.9775317254222911, -2.0298959445869447e-05
48.712, 3.9776184455411485, -1.9329699475070534e-05
48.745, 3.9777022880568604, -1.8423364587617186e-05
48.778, 3.9777842804004182, -1.7570421571936339e-05
48.812, 3.9778672709412333, -1.6738584400541354e-05
48.845, 3.977946312694963, -1.5977070794085309e-05
48.878, 3.978023777544355, -1.5260290488829042e-05
48.912, 3.978102168995552, -1.4564703598323868e-05
48.945, 3.9781755736314506, -1.3943270128462735e-05
48.978, 3.9782490229906005, -1.334394376902884e-05
49.012, 3.9783233082030574, -1.2768533536833627e-05
49.045, 3.9783928696425406, -1.2257195562615663e-05
49.079, 3.9784626003367722, -1.1763779148074722e-05
49.112, 3.9785332423870701, -1.1291360415256516e-05
49.145, 3.9786006795570605, -1.0863509455374921e-05
49.179, 3.9786669925200102, -1.0464242740130639e-05
49.212, 3.9787343000078095, -1.008067303462733e-05
49.246, 3.9787986145598526, -9.7349196671711617e-06
49.278, 3.9788618941815805, -9.4143594651361053e-06
49.313, 3.9789261672384519, -9.108258976398152e-06
49.345, 3.9789876243832567, -8.8345870584526387e-06
49.379, 3.9790481357972154, -8.5835348637567147e-06
49.412, 3.979108335238311, -8.3537972754155814e-06
49.445, 3.979167202416912, -8.1399823600772337e-06
49.478, 3.9792252204776379, -7.9465056244072671e-06
49.512, 3.9792842279982472, -7.7636318919994153e-06
49.545, 3.9793407219479957, -7.6020736890563211e-06
49.578, 3.9793964157499491, -7.4551584473299963e-06
49.612, 3.9794530941033242, -7.31650225163014e-06
49.645, 3.9795073859601491, -7.1951232998037486e-06
49.678, 3.9795609372960175, -7.0854371187158345e-06
49.712, 3.9796154647270727, -6.9828924782079734e-06
49.745, 3.9796677228415547, -6.8930964704207647e-06
49.778, 3.9797192941003932, -6.812009758878309e-06
49.81, 3.9797718313597827, -6.7366811377961338e-06
49.845, 3.9798222055806112, -6.6707416428913383e-06
49.878, 3.9798719398940667, -6.6117255280396242e-06
49.912, 3.9799226355253761, -6.5572786897346935e-06
49.945, 3.9799712789469539, -6.5102225581472624e-06
49.978, 3.980019333033471, -6.468601158284739e-06
50.013, 3.9800683327017436, -6.430482020240045e-06
50.045, 3.9801142560449883, -6.3988326977523067e-06
50.078, 3.9801607175599001, -6.3708930547322116e-06
50.146, 3.9802537113766334, -6.3187759512497884e-06
50.175, 3.9802992580050334, -6.2960840385395537e-06
50.175, 3.9802992580050334, -6.2960840385395537e-06
50.213, 3.9803441176834942, -6.2768419090258913e-06
50.246, 3.9803881949032194, -6.2588991006599632e-06
50.278, 3.9804318158576648, -6.2405520871670421e-06
50.312, 3.9804763285663527, -6.2225613116160618e-06
50.345, 3.9805190806641328, -6.2060052516867108e-06
50.379, 3.9805613443139496, -6.1917849786211946e-06
50.412, 3.980603397090472, -6.1779895984352747e-06
50.445, 3.9806450295173623, -6.034336130085034e-06
50.478, 3.9806864312185031, -5.8840630152108971e-06
50.512, 3.9807287948483983, -5.7639637410205819e-06
50.546, 3.9807693701441575, -5.7756896648774696e-06
50.578, 3.9808095137174928, -5.7802959581007464e-06
50.612, 3.9808504876232238, -5.7985594093000092e-06
50.645, 3.9808898546503642, -5.8136036819126795e-06
50.678, 3.9809287964325031, -5.8291144246833697e-06
50.712, 3.9809685625206184, -5.8461879988280729e-06
50.745, 3.9810067908559628, -5.8614136861019652e-06
50.778, 3.9810446271003244, -5.8746140457394577e-06
50.812, 3.981083283733728, -5.8861685609603142e-06
50.845, 3.9811204661885777, -5.8944163366486449e-06
50.879, 3.981157638018054, -5.8875296382873696e-06
50.912, 3.9811952871941712, -5.9016448165396289e-06
50.946, 3.9812314927686634, -5.902060865520199e-06
50.978, 3.9812673610273084, -5.9005520599286358e-06
51.012, 3.9813040426844273, -5.8955312299692626e-06
51.045, 3.9813393596317304, -5.8876672531147858e-06
51.078, 3.9813743630375584, -5.8769873133235817e-06
51.112, 3.9814101739703824, -5.8629097681362741e-06
51.179, 3.9814779076068723, -5.828271064464561e-06
51.179, 3.9814779076068723, -5.828271064464561e-06
51.212, 3.9815131341960863, -5.8006831392290565e-06
51.245, 3.9815468969789793, -5.7762615046365082e-06
51.278, 3.9815803664603595, -5.7467695255696992e-06
51.313, 3.9816146294529768, -5.7129168658080115e-06
51.345, 3.9816476519750346, -5.6765136739872869e-06
51.379, 3.9816804125785468, -5.6368312092504515e-06
51.412, 3.9817139603135705, -5.5923249046320038e-06
51.445, 3.9817463021965742, -5.5455874815747319e-06
51.479, 3.9817783957775319, -5.4955226119474776e-06
51.512, 3.9818112688282423, -5.4402491463920265e-06
51.545, 3.9818429680267355, -5.3830250039692989e-06
51.578, 3.9818744306645004, -5.3224752006562863e-06
51.612, 3.9819066642256615, -5.256388430570613e-06
51.646, 3.9819377530382969, -5.1886901839114113e-06
51.678, 3.9819686157439236, -5.1177075578353832e-06
51.712, 3.9820002405753709, -5.0409164135326927e-06
51.745, 3.982030747659854, -4.9628700068329411e-06
51.778, 3.9820610377638292, -4.8816161446923174e-06
51.812, 3.9820920806226496, -4.7943243152474905e-06
51.845, 3.9821220305785303, -4.7061712013251759e-06
51.878, 3.9821517711923424, -4.6149327730022064e-06
51.912, 3.9821822548508097, -4.5174810151083743e-06
51.945, 3.9822108183700289, -4.4296386155183544e-06
51.978, 3.9822400048186344, -4.3243188240791145e-06
52.013, 3.9822699858065489, -4.216044488317542e-06
52.045, 3.9822989160364886, -4.1081209295103887e-06
52.078, 3.9823276481221237, -3.9976808936245596e-06
52.113, 3.9823571030947171, -3.8807413608048076e-06
52.145, 3.9823855289863554, -3.7640989951060002e-06
52.178, 3.9824137638141388, -3.6447900519661985e-06
52.212, 3.9824418414958562, -3.5349692240868126e-06
52.245, 3.9824697516847718, -3.4008021292797133e-06
52.278, 3.9824975395401125, -3.271707018004055e-06
52.346, 3.9825535239521637, -3.0016062857964397e-06
52.346, 3.9825535239521637, -3.0016062857964397e-06
52.378, 3.9825810130843284, -2.8769402891288374e-06
52.413, 3.9826081755365839, -2.7437113608475947e-06
52.445, 3.9826351676762766, -2.5889932764150629e-06
52.478, 3.9826620471716518, -2.4444036803885879e-06
52.513, 3.9826896077652063, -2.2939194720007586e-06
52.546, 3.98271620715242, -2.1466715975682341e-06
52.578, 3.9827426314978087, -1.9983574444140132e-06
52.613, 3.9827697122118493, -1.849980139205592e-06
52.645, 3.982795829547535, -1.7069599054550833e-06
52.678, 3.9828217576912111, -1.562903456456941e-06
52.712, 3.9828483301131441, -1.4126700416215918e-06
52.745, 3.982873964753523, -1.266048338871464e-06
52.778, 3.9828994148337138, -1.1204583533025336e-06
52.812, 3.9829254976846107, -9.6814596462865385e-07
52.845, 3.9829506680978448, -8.1557995798780422e-07
52.878, 3.9829756686146767, -6.6069369372258874e-07
52.912, 3.9830013007099554, -5.0019987209396841e-07
52.945, 3.9830259781491986, -3.9048882853279858e-07
52.978, 3.9830504200835599, -3.122254352215764e-07
53.012, 3.983075429919734, -2.2892343748116706e-07
53.045, 3.9830995400378653, -1.3294394049175151e-07
53.078, 3.983123459434748, -3.1645812711607199e-08
53.112, 3.9831479429172516, 6.4643627234094658e-08
53.145, 3.9831715353681725, 1.5000213994577292e-07
53.178, 3.9831949392966344, 2.3307139278708073e-07
53.212, 3.9832189081377076, 3.1789634945066404e-07
53.245, 3.9832413969042753, 4.6150993542313603e-07
53.278, 3.9832643409437982, 5.3258908900680031e-07
53.312, 3.9832872236552084, 6.5215807681683733e-07
53.346, 3.9833099947607424, 7.7413837496355292e-07
53.378, 3.983332673414846, 8.9554612897301192e-07
53.412, 3.9833559322436853, 1.0204438664860403e-06
53.445, 3.9833783858959406, 1.1410785080462467e-06
53.478, 3.9834006942262761, 1.2607887476647614e-06
53.541, 3.9834450148903771, 1.496415188507046e-06
53.541, 3.9834450148903771, 1.496415188507046e-06
53.578, 3.983466424320691, 1.6093388564624896e-06
53.613, 3.9834882457066247, 1.7249906309115494e-06
53.645, 3.9835099891129166, 1.8404405945427997e-06
53.678, 3.9835316240177598, 1.9536574866475573e-06
53.712, 3.9835537923056878, 2.0686319828065492e-06
53.746, 3.9835751784696769, 2.1785347874433926e-06
53.778, 3.9835964129022772, 2.2866325859989316e-06
53.812, 3.983617510267405, 2.3923216118551862e-06
53.845, 3.9836384888184342, 2.4978205804894865e-06
53.878, 3.9836593616332627, 2.6010779937537904e-06
53.912, 3.9836807471867814, 2.7057928318657231e-06
53.945, 3.9837007643639253, 2.8021520583550139e-06
53.979, 3.9837212301941327, 2.9008820702953443e-06
54.012, 3.9837422439070433, 3.0006491697367193e-06
54.045, 3.9837625095185305, 3.095813715427118e-06
54.078, 3.9837826273098376, 3.1892623608533416e-06
54.112, 3.9838026091964784, 3.280582926425455e-06
54.145, 3.9838224795795609, 3.371423192335984e-06
54.178, 3.983842245763253, 3.4604690242162115e-06
54.212, 3.9838624947336747, 3.5507881556626536e-06
54.245, 3.9838820254576159, 3.637043519640944e-06
54.278, 3.9839014128750616, 3.7218354078099294e-06
54.312, 3.983920664643354, 3.8047675641871494e-06
54.345, 3.9839398113703353, 3.8871863494461265e-06
54.379, 3.9839588552614731, 3.9682244945321845e-06
54.412, 3.983978362675189, 4.0505401694083926e-06
54.445, 3.9839971765350186, 4.1292684352372602e-06
54.479, 3.9840158510252062, 4.2068032467406501e-06
54.513, 3.9840343909726763, 4.2828725808761516e-06
54.545, 3.984052277302113, 4.3558053246003356e-06
54.578, 3.984070606437454, 4.4304069402544819e-06
54.612, 3.9840894163078078, 4.5065391001765301e-06
54.646, 3.9841075503429448, 4.5793763614109048e-06
54.678, 3.9841255455355782, 4.6510559956824493e-06
54.712, 3.9841439776977774, 4.7238927876188448e-06
54.745, 3.9841617502460087, 4.793562293353973e-06
54.779, 3.9841793851449103, 4.8620722385047053e-06
54.813, 3.9841974470047217, 4.9316672765504774e-06
54.846000000000004, 3.9842148615034416, 4.9982021347315775e-06
54.878, 3.9842321386888706, 5.0634330858905858e-06
54.912, 3.9842498302425753, 5.1293426375706475e-06
54.945, 3.9842668837878166, 5.1920553943297741e-06
54.979, 3.9842838014344162, 5.2534542668946477e-06
55.012, 3.9843011234216847, 5.3154521511927965e-06
55.046, 3.9843178331674971, 5.3959483090076835e-06
55.078, 3.9843344617739902, 5.5072852276888831e-06
55.112, 3.9843515370096849, 5.6193873702048486e-06
55.145, 3.9843675035664448, 5.6885649002022183e-06
55.178, 3.9843838864962651, 5.780473956891597e-06
55.213, 3.9843811624059406, 5.7610237123838491e-06
55.245, 3.9843776373166127, 5.7785290874482625e-06
55.278, 3.9843741411906537, 5.7738379515440669e-06
55.312, 3.9843705379155523, 5.7618335921991785e-06
55.345, 3.9843670414885666, 5.747373390412132e-06
55.378, 3.9843635458532973, 5.7318109497504836e-06
55.413, 3.9843599451326561, 5.7152786195050906e-06
55.445, 3.9843564511288911, 5.6989955567365929e-06
