
1.494, 5.5999815325606992, -4.6088290446573506e-08
1.5270000000000001, 5.5999806513752128, -4.6465941279389912e-08
1.594, 5.5999806879812768, 3.2849135118402191e-07
1.594, 5.5999806879812768, 3.2849135118402191e-07
1.627, 5.5999806882012386, 3.4396259968452033e-07
1.661, 5.5999806850209266, 3.6239875988575306e-07
1.693, 5.5999806818345146, 3.8115580750004155e-07
1.727, 5.6004187903535341, 5.4542354938581173e-07
1.7610000000000001, 5.6017642050935157, 5.1750034555877811e-07
1.827, 5.6069634376397719, 8.2191367960422554e-08
1.827, 5.6069634376397719, 8.2191367960422554e-08
1.8610000000000002, 5.6109462239243584, -3.3042554553010669e-07
1.8940000000000001, 5.6156051059204986, -6.144006792670855e-07
1.96, 5.6256651429700772, -1.0584029721764769e-06
1.96, 5.6256651429700772, -1.0584029721764769e-06
1.993, 5.6306197511068135, -1.3195566106938671e-06
2.027, 5.6355732477376677, -1.5365528394916018e-06
2.061, 5.6406747883765185, -1.8678037831705901e-06
2.093, 5.6456175045890244, -2.598021266557951e-06
2.127, 5.6505169926146888, -2.9850513967990023e-06
2.161, 5.6555957402389865, -3.076454769046103e-06
2.193, 5.6605418489048045, -3.266631732416825e-06
2.227, 5.6654872325286965, -3.6227216370415322e-06
2.261, 5.6705828244379068, -3.9540283110243459e-06
2.292, 5.6755291803637649, -4.281643281938396e-06
2.326, 5.6804762432516167, -4.6752974126871151e-06
2.361, 5.6855740001472679, -5.1338669804316532e-06
2.394, 5.6905226161810489, -5.6076613980323317e-06
2.427, 5.6954720327780839, -6.1165895477241754e-06
2.461, 5.7005722897678863, -6.6816360508460451e-06
2.493, 5.7055234030230091, -7.2737298764791351e-06
2.526, 5.7104753954040053, -7.9102976012024523e-06
2.56, 5.7155783921408121, -8.6173963655495458e-06
2.5940000000000003, 5.7205322229633611, -9.3610373814067848e-06
2.627, 5.7254869074228907, -1.0160107502005982e-05
2.661, 5.7305920732848872, -1.1028046353079697e-05
2.694, 5.7355463835158149, -1.1905198670764324e-05
2.7270000000000003, 5.7404994519615125, -1.286106234663208e-05
2.761, 5.745600055224287, -1.4198344433467266e-05
2.794, 5.7505350326867291, -1.6397211172223377e-05
2.827, 5.755430205110093, -1.7327492678933592e-05
2.861, 5.7605226666018554, -1.8506255328438763e-05
2.893, 5.7654678318534138, -1.9996068109374531e-05
2.926, 5.7704132069132443, -2.1337859671781335e-05
2.9610000000000003, 5.7755088638155145, -2.2648091534646088e-05
2.9930000000000003, 5.7804553390767008, -2.3875682989369749e-05
3.027, 5.7854025698623319, -2.5086898191099618e-05
3.061, 5.7905005401486136, -2.6338575790243698e-05
3.094, 5.7954493874258546, -2.7580247990496387e-05
3.12, 5.8003990501867531, -2.8866032926513713e-05
3.161, 5.8054995671435625, -3.0255235628822996e-05
3.193, 5.8104509298200071, -3.1681654188609171e-05
3.227, 5.8154031601202467, -3.3198630662835095e-05
3.261, 5.8205063818162053, -3.4862250456871001e-05
3.294, 5.8254604051284087, -3.6582476828763468e-05
3.327, 5.8304152107371658, -3.8403257103281629e-05
3.36, 5.8355201999179771, -4.0388860190437651e-05
3.394, 5.8404741857014413, -4.2367883506903274e-05
3.427, 5.8454267532402158, -4.4398101760795358e-05
3.461, 5.8505257569375706, -4.6682688855214696e-05
3.493, 5.8554478489504298, -4.9927462228975817e-05
3.527, 5.8603491542042629, -5.1635756612946764e-05
3.561, 5.8654471548200888, -5.419523350536216e-05
3.5940000000000003, 5.8703930676877301, -5.6600802978406335e-05
3.627, 5.8753383333117455, -5.891621750531926e-05
3.661, 5.8804340518967644, -6.1164115230292416e-05
3.693, 5.885380628862297, -6.3244347870270058e-05
3.7270000000000003, 5.8903279802763571, -6.5260938751491305e-05
3.761, 5.8954260843780144, -6.7288885138555506e-05
3.794, 5.9003750842677487, -6.9236084021881343e-05
3.827, 5.9053249123971812, -7.1180447218277093e-05
3.861, 5.9104256147064271, -7.32032723394063e-05
3.894, 5.9153771688944268, -7.5203060196358509e-05
3.925, 5.9203295926638857, -7.7253237466724209e-05
3.96, 5.9254330273939475, -7.9429050357764658e-05
3.994, 5.9303872525513883, -8.1611502464438331e-05
4.027, 5.9353421746879329, -8.3858949510000284e-05
4.061, 5.940446959660358, -8.6241072050302319e-05
4.094, 5.9454006154272419, -8.8563379178478342e-05
4.127, 5.9503526182317819, -9.0960070298116811e-05
4.161, 5.9554487441708259, -9.3671667100354766e-05
4.193, 5.960356467128018, -9.6947927417400219e-05
4.227, 5.9652732350391657, -9.9244097067344004e-05
4.26, 5.9703714663185297, -0.00010222941692015263
4.2940000000000005, 5.9753167870041084, -0.00010495806442957952
4.327, 5.9802621200279624, -0.00010753668805904214
4.36, 5.9853579745397134, -0.00011003794811804798
4.393, 5.9903047071924833, -0.00011234464738843261
4.426, 5.995252221896755, -0.00011456233599190416
4.46, 6.0003505048547838, -0.00011677417657740216
4.494, 6.0052996849097964, -0.00011887701097799184
4.526, 6.0102496989755139, -0.00012095609133960096
4.5600000000000005, 6.0153506020810257, -0.0001230960336546001
4.594, 6.0203023566175293, -0.00012518930332425869
4.627, 6.0252549883719597, -0.00012731269788541802
4.661, 6.0303586442174959, -0.00012954554988233027
4.693, 6.0353130679064027, -0.00013176133719517761
4.726, 6.0402680145905157, -0.00013402776571704012
4.76, 6.0453725598096772, -0.00013639453798249495
4.7940000000000005, 6.0503258382256648, -0.00013867981846769204
4.827, 6.0552771167897435, -0.00014106654294321921
4.861, 6.0603676285332817, -0.00014407395646730023
4.894, 6.0652650425363452, -0.00014687009143979213
4.926, 6.0701986500694245, -0.00014928701059113182
4.961, 6.0752938939373244, -0.00015226351273140494
4.992, 6.0802389730063293, -0.0001548791654493157
5.026, 6.0851844461463216, -0.00015732101787866614
5.06, 6.0902804743093935, -0.00015968081004533074
5.093, 6.0952273962119232, -0.00016184583169463176
5.127, 6.100175107464274, -0.00016391727664934625
5.161, 6.1052736043222176, -0.00016597695261381219
5.191, 6.1102229935885175, -0.00016792940755459295
5.227, 6.1151732200582414, -0.00016985697042967306
5.26, 6.1202743477482837, -0.00017183919680984711
5.2940000000000005, 6.1252263225472365, -0.00017377777982811979
5.327, 6.1301791815618776, -0.00017574327167112078
5.361, 6.1352830701730081, -0.00017781098541866939
5.394, 6.1402376852120932, -0.00017985732129962125
5.427, 6.1451925742409204, -0.00018195660567155145
5.459, 6.150296851835968, -0.00018412987750113724
5.494, 6.1552497055672539, -0.00018622906150608825
5.527, 6.1601999412377806, -0.00018841345564155729
5.561, 6.1652808725657477, -0.00019187542999006142
5.594, 6.1701760505865044, -0.00019380784220227065
5.627, 6.1751203980337657, -0.00019630046711271204
5.66, 6.1802152982278846, -0.00019883131039266872
5.693, 6.1851604948841707, -0.0002011537969893654
5.726, 6.1901061317750488, -0.00020330069031634576
5.761, 6.1952023859568701, -0.00020536360816129573
5.7940000000000005, 6.200149555550623, -0.0002072656396206645
5.8260000000000005, 6.2050975306431457, -0.00020911015326945923
5.861, 6.2101963059316896, -0.00021098074196790201
5.893, 6.2151459550179045, -0.00021278640674306001
5.927, 6.2200964368669061, -0.00021459891169613274
5.961, 6.2251978249355853, -0.00021648871854375206
5.993, 6.2301500473668812, -0.00021835809548914075
6.027, 6.2351031575421185, -0.00022026820251008436
6.061, 6.2402072867775749, -0.00022228593071032642
6.093, 6.2451620778184118, -0.00022429064672267
6.127, 6.2501168297286585, -0.00022633579501377745
6.161, 6.2552208055970473, -0.00022843827873057478
6.194, 6.2601731681356094, -0.00023049077174243319
6.227, 6.2651216748794818, -0.00023266843661930709
6.26, 6.2701887759883306, -0.00023614626423617977
6.293, 6.2750927168509643, -0.00023788073434526306
6.326, 6.280040879350735, -0.00024033889356758217
6.361, 6.2851365019151926, -0.00024270893472511497
6.394, 6.2900816516071121, -0.00024481987177951762
6.426, 6.2950273893513353, -0.0002467324197856509
6.461, 6.3001237566097918, -0.00024851643519825607
6.494, 6.3050710199135009, -0.00025009762058777069
6.527, 6.310019081067515, -0.00025155021473486836
6.561, 6.3151179509931872, -0.00025294035591251523
6.593, 6.3200676973437933, -0.00025420420901830571
6.627, 6.3250182865171221, -0.00025540550157023353
6.661, 6.3301197934004083, -0.0002565962782956078
6.694, 6.3350721395526133, -0.00025772126027908494
6.726, 6.3400253838975402, -0.00025882803469682154
6.761, 6.3451296413779392, -0.00025995639212538467
6.793, 6.3500844407641681, -0.00026103188515751624
6.827, 6.3550389021423612, -0.00026210271175297546
6.861, 6.360142449340449, -0.00026312723849676746
6.894, 6.3650941434103538, -0.00026412515705495458
6.927, 6.3700392815961564, -0.0002653536313188684
6.961, 6.3750922031865347, -0.0002672754427539652
6.994, 6.380012958437673, -0.0002679161483589866
7.027, 6.3849603632718219, -0.00026901033124355323
7.061, 6.3900553144997474, -0.00026986016450917513
7.094, 6.3950005435783153, -0.00027043891388039688
7.126, 6.3999464136043409, -0.00027078140522544456
7.16, 6.4050429426091888, -0.00027093315706659671
7.194, 6.4099903678038466, -0.00027091662457956819
7.227, 6.4149386045231331, -0.00027076034533490254
7.261, 6.4200376499948222, -0.00027048245917917586
7.292, 6.4249875617066881, -0.00027012277574249447
7.327, 6.4299383168529305, -0.00026969597347863345
7.361, 6.4350400002185504, -0.00026920969811195352
7.394, 6.4399925280725743, -0.00026870328884842382
7.427, 6.4449459541703717, -0.00026817691624219113
7.461, 6.4500503784265089, -0.00026761232744942166
7.494, 6.4550051472666361, -0.00026702432829474451
7.527, 6.4599593330433303, -0.00026642579794240956
7.5600000000000005, 6.4650624474615164, -0.00026573134324421024
7.594, 6.4700133158369457, -0.00026512721527220684
7.627, 6.4749527184176427, -0.00026514868246394537
7.66, 6.4799967982695756, -0.00026458261982359883
7.693, 6.4849333702419916, -0.00026345491939034959
7.727, 6.4898784246315779, -0.00026234480199866775
7.761, 6.4949734047552354, -0.00026113157398416473
7.7940000000000005, 6.4999189109566116, -0.00025972650195244196
7.822, 6.5048650719662415, -0.00025817320557280584
7.861, 6.5099618605959835, -0.00025654832086928069
7.892, 6.5149094801949454, -0.00025489348813613119
7.927, 6.5198578666010842, -0.00025311919537583655
7.96, 6.5249570376511787, -0.00025115611489718106
7.994, 6.529907102771098, -0.000249038039412511
8.027, 6.5348580721822112, -0.00024675531545824685
8.061, 6.5399600546157348, -0.00024429865969123425
8.094, 6.5449129322175326, -0.00024182735250816034
8.126, 6.5498667368361065, -0.00023929180005332045
8.16, 6.5549715426229174, -0.00023662937016765318
8.192, 6.5599264276233082, -0.00023401693476394084
8.227, 6.5648805479918444, -0.00023136678699398126
8.261, 6.5699833884117922, -0.00022859655842703049
8.293, 6.5749331530821644, -0.00022592901743335471
8.327, 6.5798636391550378, -0.00022367239947911438
8.361, 6.5849070479961682, -0.0002195153028603714
8.393, 6.5898520530014748, -0.00021604061398009246
8.427, 6.5947973946468279, -0.00021242540940373823
8.461, 6.5998924404367703, -0.00020860436141930162
8.493, 6.6048381058148635, -0.00020481097909218223
8.527, 6.6097844800289964, -0.00020094610332247389
8.56, 6.6148815734460005, -0.00019691122315495079
8.594, 6.6198295906885809, -0.00019296624990490591
8.627, 6.6247784516485781, -0.00018901727457014151
8.661, 6.6298781746741735, -0.00018496147006334993
8.694, 6.6348287921525602, -0.00018105836169080922
8.727, 6.6397803295780484, -0.00017720786657516652
8.76, 6.6448828825446506, -0.00017332866579295757
8.793, 6.649836314062048, -0.00016966970810866218
8.827, 6.6547906752958212, -0.00016613591932650675
8.861, 6.6598959799485407, -0.00016263804846760913
8.894, 6.6648510379142882, -0.00015939755343815881
8.927, 6.6698051885732879, -0.00015629402795369867
8.96, 6.6749078271443798, -0.00015327645720198405
8.994, 6.6798558504253904, -0.00015052345347499121
9.026, 6.6847730396766467, -0.00014768773912981562
9.06, 6.6898268249077724, -0.00014370967010796489
9.093, 6.694775387464416, -0.00014023986433359407
9.127, 6.6997213599393701, -0.00013677934894349385
9.16, 6.7048167651567123, -0.00013332269261031237
9.194, 6.7097628977898935, -0.00013007844885625175
9.227, 6.714709754679002, -0.0001269551136984483
9.26, 6.719807342276237, -0.00012387793415065811
9.294, 6.724755876414604, -0.00012104343817757863
9.36, 6.7348055680167329, -0.00011583782483452533
9.36, 6.7348055680167329, -0.00011583782483452533
9.394, 6.7397567420565414, -0.00011358525697258674
9.427, 6.7447088291142743, -0.00011156048727958182
9.46, 6.7498119427275842, -0.00010973987778027669
9.494, 6.7547659123989092, -0.00010824630952243877
9.527, 6.7597207870371498, -0.00010703553806123506
9.561, 6.7648264768668147, -0.00010609516585525808
9.593, 6.7697815869251876, -0.0001054834451448016
9.627, 6.7747356365695648, -0.00010513862446791342
9.66, 6.7798378206753886, -0.00010512969547754459
9.693, 6.7847822823382673, -0.00010538122457628551
9.727, 6.7896851239116485, -0.0001053015375079339
9.761, 6.7947573337426066, -0.00010509835460028139
9.793, 6.7997045432879517, -0.00010520702924563255
9.826, 6.8046500548869666, -0.00010550274728571448
9.86, 6.8097456996101462, -0.00010600585400149158
9.893, 6.8146921004192711, -0.00010668338834106553
9.927, 6.819639253429739, -0.00010755525013562651
9.961, 6.8247371802089916, -0.00010866640854987886
9.994, 6.8296860387797427, -0.00010996269915323814
10.026, 6.8346357732480723, -0.00011148809799721696
10.06, 6.8397363969206175, -0.0001133190833381943
10.094, 6.8446553772548331, -0.00011535268316281143
10.126, 6.8495157329981762, -0.00011763215462433343
10.161, 6.8544680485393767, -0.00012024695374931562
10.194, 6.8592218615786393, -0.00012304767405487102
10.227, 6.8639216398634488, -0.0001261051762737929
10.26, 6.868714122195188, -0.00012952558359360326
10.293, 6.8732735568730341, -0.00013294562290038382
10.326, 6.8778247508525014, -0.0001366412557531326
10.361, 6.8824697535588024, -0.0001407048115727279
10.394, 6.8869203882750973, -0.00014527487672302903
10.426, 6.8913318732176085, -0.00014979909006469512
10.46, 6.8958210147227526, -0.00015422472349879021
10.494, 6.9001122606824383, -0.00015899298289448509
10.526, 6.9044085213494926, -0.000164234705294041
10.56, 6.9087982979853342, -0.00016969191100389127
10.593, 6.9130234879101886, -0.00017503969563480807
10.627, 6.9172119907378464, -0.00018043763397972878
10.66, 6.9214948220899775, -0.00018606264383281545
10.694, 6.9256196722387919, -0.00019158643446438956
10.726, 6.9297109352419444, -0.00019717055394074536
10.761, 6.9338964366886495, -0.00020299578905496541
10.794, 6.9379294197856627, -0.00020871901074814115
10.826, 6.9419313097115882, -0.00021450787312184274
10.86, 6.9460270558169537, -0.00022054696808950747
10.893, 6.9499750523148558, -0.00022647807950216549
10.927, 6.9538951246926048, -0.00023247237783144919
10.96, 6.957859796675181, -0.00023864036016932571
10.993, 6.9617284697789596, -0.00024477162297488247
11.027, 6.965570525329376, -0.00025094924568312726
11.061, 6.9695046218047265, -0.00025735399968024048
11.094, 6.9732984036089887, -0.00026360857924607805
11.126, 6.9770651478303938, -0.00026986749515722216
11.16, 6.9809222431921398, -0.00027630603349655631
11.194, 6.9846419703853799, -0.00028252542472902148
11.226, 6.9883328366332682, -0.00028886638755389244
11.261, 6.9921159686557655, -0.00029552071880378609
11.294, 6.9957311775018773, -0.00030287143127547369
11.326, 6.9993383267618086, -0.00030934630230499858
11.361, 7.0030545908789126, -0.00031671833206387191
11.394, 7.0066404144324137, -0.00032360751670005005
11.426, 7.0102025682851501, -0.00033026925978386023
11.46, 7.013853825289579, -0.00033691716871439022
11.493, 7.0173789906693251, -0.00034314798723546468
11.527, 7.020883879256651, -0.00034915413483115894
11.561, 7.0244778642775909, -0.00035511759407342241
11.594, 7.0279045937992786, -0.00036062509734449612
11.626, 7.0313557698073685, -0.0003659952291118349
11.66, 7.0348971045367579, -0.00037132188638526351
11.694, 7.0383175642812548, -0.00037629384404296528
11.727, 7.0417195559734829, -0.00038107156952173156
11.761, 7.0452091532210774, -0.0003858019271081155
11.794, 7.0485800638506859, -0.00039021186335717195
11.826, 7.0519332371700827, -0.00039444795998428588
11.861, 7.0553731883884589, -0.00039864240034647054
11.894, 7.0586965185215087, -0.00040255868834461917
11.927, 7.0620027454744134, -0.00040633167998630241
11.96, 7.0653949057164107, -0.00041006800209104091
11.994, 7.0686723412213075, -0.000413546196581882
12.027, 7.0719330557041422, -0.00041687519540489315
12.061, 7.0752779623240718, -0.00042015700529797191
12.094, 7.0785081308151101, -0.0004231977261937508
12.126, 7.0817207733992431, -0.00042608539559583629
12.16, 7.0850161903645619, -0.0004288944614952187
12.194, 7.0881994268168933, -0.000431460810875262
12.227, 7.0913639412874998, -0.0004339851862499108
12.26, 7.0946075078218813, -0.00043645193313259862
12.293, 7.0977098112842274, -0.00044052014199838887
12.326, 7.1007694791340095, -0.00044255632508137088
12.361, 7.1039583882116535, -0.00044501840735930627
12.394, 7.1070115146777102, -0.00044755086459260504
12.427, 7.1100911148166581, -0.00045011936170560353
12.461, 7.1132532576078571, -0.00045233392889697504
12.494, 7.1163089957645287, -0.00045421660262082939
12.527, 7.11935034326671, -0.00045583037668052955
12.56, 7.122472240305572, -0.00045721994614550545
12.594, 7.1254900658980267, -0.00045831109445941499
12.627, 7.1284941439957654, -0.00045915991624552964
12.66, 7.1315781163844738, -0.00045979602537748619
12.694, 7.1345595468111567, -0.00046019454648048373
12.727, 7.1375276225514579, -0.00046038734062239247
12.761, 7.1405748471886286, -0.00046038689964162695
12.794, 7.1435209468019627, -0.00046020766153942715
12.827, 7.1464542048026622, -0.00045986816372253634
12.861, 7.149465868146291, -0.00045936628695456423
12.893, 7.1523777469754366, -0.00045874491436861221
12.927, 7.1552769296904115, -0.00045800411277347304
12.959, 7.1582537553747647, -0.00045712831427568464
12.994, 7.161132100652261, -0.00045618505082784542
13.027, 7.1639980185340946, -0.00045515686125282808
13.06, 7.1669008552303994, -0.00045403518252625717
13.093, 7.1697460670318884, -0.0004528596010900767
13.126, 7.1725806668697114, -0.00045162762530145343
13.161, 7.1754913014524178, -0.00045028841212533659
13.193, 7.1783054754797382, -0.00044893361522175575
13.226, 7.1811068717368638, -0.00044753132127519046
13.26, 7.1839818809976084, -0.00044603133785160368
13.293, 7.1867597619100891, -0.00044451516113044962
13.327, 7.1895242412585132, -0.00044290620655268654
13.361, 7.1923618431526055, -0.00044124398237520794
13.394, 7.1951030000758642, -0.00043967095789561132
13.427, 7.1978304614588557, -0.00043818504075944259
13.461, 7.2006034435058712, -0.00043808267703179804
13.494, 7.2032390296070901, -0.00043646313011846564
13.527, 7.2058862069874365, -0.00043414768836034622
13.561, 7.208658729910705, -0.00043202645471293583
13.594, 7.2113390591566038, -0.00042981738652364668
13.627, 7.2140075187017949, -0.00042761857735368542
13.661, 7.2167092414618734, -0.00042534019879484632
13.694, 7.2193574399480669, -0.00042305498367403276
13.726, 7.2219957635129388, -0.00042071453841040164
13.76, 7.2247049722926837, -0.00041822505825295605
13.791, 7.227289971784054, -0.00041573434322642223
13.827, 7.229898701457965, -0.00041305402819032577
13.86, 7.2325793156456601, -0.00041020301945530313
13.894, 7.2351717368780024, -0.00040736449041611338
13.926, 7.2377535181004262, -0.00040446680791570545
13.961, 7.2404050535944346, -0.00040142728347986089
13.994, 7.2429694370248345, -0.00039843516493585462
14.027, 7.2455233081706218, -0.00039541167846771503
14.06, 7.2481101871370797, -0.00039231203390859709
14.094, 7.2506466997745065, -0.00038924256712807224
14.126, 7.2531743052281534, -0.00038616273314723038
14.16, 7.2557703470917563, -0.0003829866283538133
14.193, 7.2582811404608476, -0.00037990937920816714
14.221, 7.2607817482940522, -0.00037684562682465734
14.26, 7.2633507989310058, -0.00037370906347395109
14.293, 7.2658355912384218, -0.00037069158014582318
14.327, 7.2683103197441028, -0.00036770831704344549
14.359, 7.2708520729311594, -0.0003646742942128198
14.393, 7.2733104201544139, -0.00036177421376246371
14.427, 7.2757588247186558, -0.00035892466490935234
14.461, 7.2782735239083465, -0.00035604233038450094
14.494, 7.2807056022114303, -0.00035330076062669728
14.526, 7.2831274916196787, -0.00035062129328519291
14.56, 7.2856142427672186, -0.00034792040420564149
14.594, 7.2880183766643212, -0.00034535372320505
14.627, 7.290411008788241, -0.00034284057630863652
14.66, 7.2928660145316417, -0.00034030298925055545
14.693, 7.2952387510085988, -0.00033791306392750469
14.726, 7.2976002912138416, -0.00033561283011043254
14.76, 7.3000230644301993, -0.00033328362204269673
14.794, 7.3023639089813734, -0.0003310704801316465
14.826, 7.3046673534617561, -0.00032997718575043014
14.861, 7.3069882233055976, -0.00032618629186293796
14.894, 7.3092591822448973, -0.00032319460276103136
14.927, 7.3115723298385831, -0.00032056462159396734
14.961, 7.3139155263836262, -0.00031778529401101107
14.994, 7.3162124340781531, -0.00031513377999971021
15.026, 7.3185015477516329, -0.00031252332702546827
15.061, 7.3208520998790734, -0.00030987090897817166
15.094, 7.3231253450786253, -0.00030733410047794371
15.126, 7.3253895629466541, -0.00030483682955274237
15.16, 7.3277153877265189, -0.00030230210758693595
15.194, 7.3299350896331941, -0.00029991627205057619
15.227, 7.3321759677302856, -0.00029754044535098271
15.261, 7.3344790933577491, -0.00029513995943667104
15.293, 7.336706971821835, -0.00029286047070552207
15.326, 7.3389261128367069, -0.00029063371583892735
15.36, 7.3411742740603145, -0.00028842595460929751
15.394, 7.3433495934419799, -0.00028633917170054098
15.427, 7.3455467571836968, -0.00028428369646533655
15.461, 7.3478049205384206, -0.0002822255273359292
15.493, 7.3499892143116679, -0.00028029184041677274
15.527, 7.352164813141564, -0.00027842434561491932
15.56, 7.3543994758804629, -0.000276570464184419
15.594, 7.3565609230968185, -0.00027484211082126121
15.625, 7.3587137651871455, -0.0002731863161097732
15.661, 7.3609248909902911, -0.00027155586987139571
15.693, 7.3630635603363865, -0.00027004739693440216
15.726, 7.3651938383407227, -0.00026861522158727635
15.761, 7.367382125741222, -0.0002672198777893022
15.794, 7.3694989154537929, -0.00026594377285578109
15.827, 7.3716074747177718, -0.00026474605165775842
15.86, 7.3737734608102761, -0.00026359349800537376
15.894, 7.375868677774184, -0.00026255454417576805
15.927, 7.3779557362507902, -0.00026159417981386793
15.96, 7.3800996190353709, -0.00026068479733605315
15.993, 7.3821734131720991, -0.00025987871576685546
16.027, 7.3842390190531084, -0.00025914756553748348
16.061, 7.3863605460420709, -0.00025847101257346584
16.094, 7.3884121662576057, -0.00025788368261092182
16.127, 7.3904551182458391, -0.00025735801393405504
16.161, 7.3925528631951636, -0.0002568738115943518
16.192, 7.394580828926447, -0.00025645426560042315
16.226, 7.3965987455796682, -0.00025608107208920322
16.261, 7.3986693562646471, -0.00025575998938753803
16.294, 7.4006706110198248, -0.00025551758663947444
16.36, 7.4047076396993399, -0.00025505124970276092
16.36, 7.4047076396993399, -0.00025505124970276092
16.393, 7.406673091365727, -0.00025540506591464299
16.423000000000002, 7.4085874065542781, -0.00025661339081702505
16.461, 7.4105174246806937, -0.00025516979771494241
16.494, 7.4124167779299697, -0.0002544065838105575
16.526, 7.4143702198466199, -0.00025416319796292883
16.561, 7.4163785129232682, -0.00025377084221451401
16.594, 7.4182962659380474, -0.00025336324037617452
16.627, 7.4202306873115047, -0.00025305297996717639
16.661, 7.4222191579591712, -0.00025270382747192541
16.693, 7.4241421780391796, -0.00025233071356371402
16.726, 7.4260574812939169, -0.00025194069264088034
16.76, 7.4280250501019172, -0.00025153643201903162
16.794, 7.4299284728318966, -0.00025114488786617481
16.826, 7.431824669968174, -0.00025074641742374589
16.86, 7.4337727249401881, -0.00025032591825281436
16.894, 7.4356573552634257, -0.00024990710240144063
16.927, 7.4375349061273193, -0.00024947720046802012
16.961, 7.4394638646260329, -0.00024902271572435554
16.994, 7.441330069004418, -0.00024856873443748013
17.027, 7.4431893074877102, -0.00024808697544091154
17.061, 7.4450994835465707, -0.00024757904449212997
17.093, 7.4469475370927345, -0.00024707743012667891
17.123, 7.4487887008116394, -0.00024656900287523274
17.16, 7.4506803016007783, -0.00024603941375580558
17.193, 7.4525103734687388, -0.00024552041266641714
17.226, 7.4543336077169338, -0.00024499834550380283
17.261, 7.4562067829267855, -0.00024445806263426184
17.293, 7.4580190262317361, -0.00024393323382087173
17.327, 7.4598244908754321, -0.00024340990176076837
17.361, 7.4616793940075965, -0.00024287328547313301
17.393, 7.4634739363867322, -0.00024235654956088283
17.427, 7.465261724887891, -0.00024184547151835865
17.46, 7.4670983916736597, -0.00024132443627555158
17.493, 7.4688516130274767, -0.00024083616196772262
17.526, 7.4706215020168338, -0.00024034983711099261
17.561, 7.4724406550212938, -0.00023985953364426716
17.593, 7.4741771585209102, -0.00023940254628093853
17.627, 7.4759299558338261, -0.00023895143117091104
17.661, 7.4777314138641691, -0.00023850046361757708
17.693, 7.4794739106235317, -0.00023807736604928838
17.727, 7.4812096012827611, -0.00023766930601661597
17.761, 7.482992472256691, -0.00023726441868702133
17.794, 7.4847169847997961, -0.00023688664812117043
17.827, 7.4864346397833925, -0.00023652292898875107
17.861, 7.4881749003347382, -0.00023617070219115078
17.894, 7.489880538233141, -0.00023583719742163443
17.927, 7.491579997521737, -0.00023551586091938846
17.961, 7.493325140062022, -0.00023519335288375685
17.994, 7.4949903468436601, -0.00023489275081559944
18.027, 7.4966702298235237, -0.00023458930040100252
18.06, 7.4983954965399517, -0.00023427803700129125
18.093, 7.5000622558177135, -0.00023397415717792196
18.126, 7.5017199927052696, -0.00023364447715760735
18.16, 7.503420695487824, -0.00023333044710917476
18.194, 7.5050642606478473, -0.00023304280871255963
18.226, 7.5067007369084671, -0.00023278634283836516
18.261, 7.5083790364559251, -0.00023255532915306075
18.294, 7.5099913489918624, -0.00023275304383404321
18.327, 7.5115548101420107, -0.00023531768189667961
18.36, 7.5131076118087607, -0.00023366893156697644
18.393, 7.5146188485131367, -0.00023252888493295934
18.426, 7.5161761368952362, -0.00023186159084995784
18.461, 7.5178320753507437, -0.00023146244647069073
18.494, 7.5194331712689602, -0.00023096836775406474
18.527, 7.5210071838466197, -0.00023051914782005214
18.561, 7.5226442049285334, -0.00023006363745870184
18.594, 7.5242287155171104, -0.00022963635101459678
18.627, 7.5258064630943968, -0.00022921085806321934
18.66, 7.5274268019182893, -0.00022875981468654301
18.693, 7.5289939039274714, -0.00022831447521711706
18.723, 7.5305547654387484, -0.00022785787356805116
18.761, 7.5321630422028694, -0.00022737539026236979
18.793, 7.5337141158828995, -0.00022690812975506363
18.827, 7.5352590660813474, -0.00022643275099017306
18.86, 7.5368462061632702, -0.00022593171732296062
18.893, 7.5383816314132623, -0.00022543432194217878
18.927, 7.5399112566450279, -0.00022492623418908427
18.961, 7.541482727546085, -0.00022439106033653644
18.994, 7.5430030461988036, -0.00022386058861704786
19.027, 7.5445176628875297, -0.00022332014765804117
19.059, 7.5460737537797513, -0.0002227517482974828
19.093, 7.547579225206837, -0.00022218917912813165
19.125, 7.5490790838315229, -0.00022161600556085457
19.16, 7.5506200297302541, -0.00022101382061788204
19.192, 7.5521108706465574, -0.00022041819838849875
19.227, 7.5535961706132815, -0.00021981350999218722
19.26, 7.5551013596790071, -0.00021918693416834008
19.293, 7.5565776381858667, -0.00021855960401793794
19.327, 7.5580492585961698, -0.0002179236193143466
19.36, 7.5595612417797486, -0.00021725161740067912
19.393, 7.5610240742549859, -0.00021656873085880879
19.426, 7.5624814736670611, -0.00021587648030827483
19.461, 7.5639788209297398, -0.00021515484684094368
19.494, 7.5654275006038416, -0.00021444834105663769
19.527, 7.5668708162175138, -0.00021373800773055284
19.56, 7.5683537169971844, -0.00021300316348752223
19.594, 7.5697884396091579, -0.00021228823225029697
19.627, 7.5712178700223252, -0.00021157479800953418
19.66, 7.572686520840076, -0.00021084273190504255
19.689, 7.5741074712574967, -0.00021013620087180767
19.727, 7.5755231903044029, -0.00020943535785113908
19.76, 7.5769777603713688, -0.00020871982234161652
19.794, 7.5783850891991298, -0.00020803360334975613
19.827, 7.5797872259905645, -0.00020735736099243863
19.86, 7.5812278207501773, -0.00020667156664389729
19.894, 7.5826215989730139, -0.00020601776934080516
19.927, 7.5840102031161569, -0.00020537704353179695
19.96, 7.5854368534212853, -0.00020473085382437413
19.994, 7.5868170954449097, -0.00020411812868357401
20.026, 7.5881921519889612, -0.00020352028025126057
20.06, 7.5896047934591007, -0.00020291858280733317
20.094, 7.5909713532645009, -0.00020235071754885829
20.127, 7.5923325826250974, -0.00020179866685895987
20.16, 7.5937306838142389, -0.00020124537703678318
20.194, 7.5950828219324498, -0.00020072136574769358
20.226, 7.5964293415517989, -0.00020020897961733487
20.261, 7.5978120793145436, -0.00019969111092274017
20.293, 7.599149094857669, -0.00019919710568488808
20.324, 7.6004801944927225, -0.0001987104689179154
20.36, 7.6018462772435678, -0.00019821505570245793
20.393, 7.603165543575285, -0.00019774186017638084
20.427, 7.604476961835748, -0.00019728244600853364
20.461, 7.6058215047922539, -0.00019682924025609698
20.494, 7.6071202440093995, -0.00019637578003629433
20.527, 7.60841322617524, -0.0001959389187550432
20.561, 7.6097414921618896, -0.00019547799232730577
20.594, 7.6110249686570297, -0.00019504126573515303
20.626, 7.6122990234424925, -0.00019468118095842393
20.661, 7.6135868039987624, -0.00019532850798948756
20.694, 7.6147815064556781, -0.00019900299090228605
20.726, 7.6159241809676468, -0.00019655058143384398
20.76, 7.6170962780152962, -0.00019483756573142317
20.793, 7.6182652931342529, -0.00019368405891517781
20.826, 7.6194916949847062, -0.00019294572612968294
20.861, 7.6207956766185738, -0.00019243844795800911
20.894, 7.6220555508471648, -0.00019184279337260382
20.925, 7.623309761653573, -0.00019124617393805984
20.961, 7.624597536791347, -0.00019064951948042982
20.993, 7.6258425885231622, -0.00019006425861997243
21.027, 7.6270822884854752, -0.00018947301730456851
21.06, 7.6283552652120035, -0.000188855348019342
21.094, 7.6295862821969305, -0.00018824865810412896
21.127, 7.6308121860236584, -0.00018763378528820264
21.16, 7.632071192859776, -0.0001869890779426331
21.194, 7.6332889217384174, -0.00018635198088731012
21.226, 7.6345018966432185, -0.00018571603903952519
21.26, 7.6357479132623087, -0.0001850537055042016
21.293, 7.6369532543553538, -0.00018440160184194344
21.326, 7.6381539788673809, -0.00018374007865361566
21.361, 7.6393874897633021, -0.00018304759019900058
21.393, 7.6405651206853742, -0.00018236834259243454
21.426, 7.641753840996544, -0.00018165638911167152
21.461, 7.6429757098554081, -0.00018090992726965495
21.494, 7.6441578210626222, -0.00018017712738699072
21.526, 7.6453354871720496, -0.00017943787550544422
21.561, 7.6465453809978117, -0.00017866974636222325
21.593, 7.6477005129691014, -0.0001779296908799256
21.627, 7.6488665580906741, -0.00017717590037139857
21.66, 7.6500651581636996, -0.00017639641580055208
21.693, 7.6512247806537044, -0.00017563860838884908
21.727, 7.6523800648635785, -0.00017488128277640174
21.76, 7.653566980536513, -0.00017410150688760515
21.793, 7.6547152886486041, -0.00017334678817144822
21.827, 7.6558593184023573, -0.00017259537791304591
21.861, 7.6570346899070625, -0.00017182461525586107
21.894, 7.6581568833514178, -0.00017109014441896549
21.927, 7.6592897054193196, -0.00017035255637232831
21.961, 7.6604541773048949, -0.00016959668811371943
21.993, 7.6615807943656487, -0.0001688694156943214
22.027, 7.6627032046072836, -0.0001681494527168038
22.061, 7.6638563541373648, -0.0001674152814797322
22.094, 7.6649720013511997, -0.00016671094006453325
22.126, 7.6660834988233324, -0.00016601571271897619
22.157, 7.6672099800477893, -0.00016531835404218141
22.194, 7.6683147091772632, -0.00016464253169295632
22.227, 7.6694159589456357, -0.00016397654576267575
22.26, 7.6705474092358186, -0.00016330130551692862
22.294, 7.6716420725164411, -0.00016265702172726538
22.327, 7.6727326705599816, -0.00016202411567845665
22.36, 7.6738531618124464, -0.00016138358869606742
22.394, 7.6749372348046903, -0.00016077526035866816
22.426, 7.6760172951305403, -0.00016017966056323184
22.46, 7.6771269720001527, -0.00015957901215653907
22.493, 7.6782005928506196, -0.00015900910536271158
22.526, 7.6792702491582805, -0.00015845256049893167
22.561, 7.6803692438198388, -0.00015789270358182025
22.593, 7.6814325350507966, -0.0001573631415942263
22.626, 7.6824919031150412, -0.00015684772145704848
22.661, 7.6835803265316729, -0.00015633097390767013
22.694, 7.6846198158120771, -0.00015585042079054547
22.727, 7.685669151499483, -0.00015537701737879041
22.761, 7.6867478006519541, -0.00015490373323199462
22.794, 7.6877913617025762, -0.00015445871442116269
22.825, 7.6888309904415504, -0.0001540281098967568
22.861, 7.6898990406675463, -0.00015359878298126401
22.894, 7.6909322895819212, -0.00015319591704968683
22.927, 7.6919616010213447, -0.00015280606784718616
22.96, 7.6930046616371337, -0.000152423408401955
22.994, 7.694027391064254, -0.00015205938164879136
23.026, 7.6950466913584545, -0.00015170793832923484
23.06, 7.6960935895291245, -0.00015135857039458143
23.094, 7.6971060468912587, -0.00015103021971631106
23.127, 7.6981143020962977, -0.00015071143752340917
23.16, 7.6991497029116225, -0.00015039138269059044
23.194, 7.7001377895830148, -0.00015009298627286221
23.227, 7.7011346779878895, -0.00014979534417629129
23.26, 7.7021588601209574, -0.00014949427787866283
23.294, 7.7031490348974092, -0.00014920618467779482
23.327, 7.7041343180461341, -0.00014892166970908969
23.361, 7.7051444594726952, -0.00014863276563857437
23.394, 7.7061188569899652, -0.00014835982240449924
23.426, 7.7070864484747368, -0.00014809574611795409
23.461, 7.7080776469466068, -0.00014782797706918726
23.494, 7.7090345361190558, -0.00014755822744959141
23.526, 7.7099868137811498, -0.00014729373092001896
23.56, 7.7109652106647069, -0.00014702243414534857
23.593, 7.7119117357510527, -0.00014676415520601413
23.626, 7.7128549023657458, -0.00014651004520409308
23.661, 7.7138230048184759, -0.0001462599609937609
23.694, 7.7147580067172301, -0.00014604377947655556
23.727, 7.7156834860108159, -0.0001459537857337471
23.761, 7.7166121625361592, -0.00014698344804082422
23.793, 7.7174613177494109, -0.00015216901885609338
23.827, 7.718248898497972, -0.0001515860378098925
23.86, 7.7190303559596511, -0.00014894499712544526
23.894, 7.7197892540598092, -0.00014727934649381381
23.926, 7.7205739434483398, -0.00014600137676393777
23.961, 7.7214344167852165, -0.00014507610087440332
23.993, 7.7223366500107202, -0.0001446029691833239
24.027, 7.7232710345011419, -0.00014426836973080009
24.061, 7.7242286558035991, -0.00014386792524405598
24.094, 7.7251533012384952, -0.0001434744750827605
24.127, 7.7260731464795196, -0.0001430994923142913
24.16, 7.7270167395815541, -0.00014273120644991291
24.194, 7.7279282318780513, -0.0001423754670466821
24.227, 7.7288352851693736, -0.00014202032236487579
24.26, 7.7297659341916152, -0.00014165269196312781
24.294, 7.7306652122233785, -0.00014129408248454757
24.326, 7.7315600695649014, -0.00014093234245060764
24.361, 7.7324783608221708, -0.00014055522245866542
24.392, 7.7333544594044819, -0.00014018862160204056
24.426, 7.7342374143184021, -0.0001398107260809992
24.46, 7.7351442614288093, -0.00013941447298280822
24.493, 7.7360210280088424, -0.00013902389511928973
24.527, 7.736893967962577, -0.00013863574698052655
24.56, 7.7377903171848317, -0.00013823418616326264
24.593, 7.7386458139317815, -0.00013784513593609384
24.627, 7.7395088104584211, -0.00013744861201915159
24.659, 7.7403954601641045, -0.0001370347928648781
24.693, 7.7412417936175055, -0.00013663212937071553
24.724, 7.7420955224037158, -0.00013621798130061786
24.76, 7.7429723695242272, -0.00013579009599111919
24.793, 7.7438201117132524, -0.00013537293850429105
24.827, 7.7446644208142104, -0.00013495370991750639
24.861, 7.745531612455121, -0.00013451688865801184
24.894, 7.7463703908453674, -0.00013408860413943873
24.927, 7.7472058537900432, -0.00013365665003910515
24.96, 7.748052503029621, -0.00013320843164869704
25.027, 7.7497098568266569, -0.00013233255786774921
25.027, 7.7497098568266569, -0.00013233255786774921
25.061, 7.7505623371175805, -0.00013186466878538968
25.094, 7.7513844990748568, -0.00013141852990672091
25.124, 7.752203628167714, -0.00013096501574056811
25.159, 7.7530451047999938, -0.0001304921935481386
25.194, 7.7538593443267425, -0.00013002943908966977
25.227, 7.754670469987742, -0.00012956309771697231
25.261, 7.7555037196991599, -0.00012907836035812314
25.294, 7.756309789590909, -0.0001286040120158867
25.327, 7.7571127886268716, -0.00012812621738560301
25.361, 7.757937723243777, -0.00012763076213435215
25.393, 7.7587357842520142, -0.00012713526502442231
25.426, 7.7595308384463912, -0.00012663041493777405
25.46, 7.7603476407614149, -0.00012610613543790692
25.494, 7.7611378568820353, -0.00012559468577816508
25.527, 7.7619251157712013, -0.00012508166292917719
25.561, 7.7627339299228781, -0.00012455132860415827
25.594, 7.7635164384478159, -0.00012403586482495773
25.626, 7.7642960376933638, -0.00012352061790422397
25.661, 7.7650970023879999, -0.00012299013436183043
25.694, 7.7658719342173947, -0.00012247636821196528
25.726, 7.7666440010221907, -0.00012196455821640173
25.761, 7.7674372414407884, -0.00012143938274127363
25.794, 7.7682047134144527, -0.00012093241475431584
25.826, 7.7689693580053687, -0.0001204289644578685
25.861, 7.7697549820769396, -0.00011991396741454809
25.894, 7.7705150936984904, -0.00011941832562930778
25.927, 7.7712724170161778, -0.00011892754520087992
25.961, 7.7720505308861885, -0.00011842693816693096
25.994, 7.7728033870185111, -0.00011794648467002349
26.026, 7.7735534916126898, -0.000117472015770304
26.06, 7.774324198273689, -0.00011698932302708277
26.093, 7.7750698958969364, -0.00011652721640933527
26.126, 7.7758128707964103, -0.00011607164667933544
26.161, 7.7765762552795046, -0.0001156093744815353
26.193, 7.7773148709078077, -0.00011516878932811214
26.227, 7.7780507965505761, -0.00011473596579395007
26.261, 7.7787967263327591, -0.0001143038728559914
26.294, 7.7795282719547529, -0.00011388695460753103
26.326, 7.7802575646384815, -0.00011347815316074228
26.361, 7.7810069045997041, -0.0001130654323016667
26.393, 7.7817319251985406, -0.00011267339417611204
26.426, 7.7824542939726165, -0.00011229010239507218
26.461, 7.7831964988528606, -0.00011190405552912949
26.494, 7.7839146148848117, -0.00011153832123297704
26.527, 7.7846301075543956, -0.00011118186675988051
26.56, 7.7853553136658009, -0.00011082870595658086
26.594, 7.7860665139133944, -0.00011049030557606793
26.626, 7.786775505383547, -0.00011016104426664127
26.661, 7.7875039616036057, -0.00010983102347871517
26.694, 7.7882087500802788, -0.00010951979561247784
26.727, 7.7889109344177685, -0.00010921766072418243
26.76, 7.7896323713321332, -0.0001089155025428802
26.794, 7.7903303620980431, -0.00010863116966710607
26.826, 7.7910257672518446, -0.00010835571275567652
26.861, 7.7917402315502651, -0.00010808076766611296
26.894, 7.7924314679917543, -0.00010782240818899779
26.927, 7.7931201343384853, -0.00010757234421178289
26.961, 7.7938276643929196, -0.00010732268368735834
26.994, 7.7945121755226321, -0.0001070876772712611
27.026, 7.7951941175386024, -0.00010685981798256303
27.061, 7.7958947091072259, -0.00010663245990640997
27.094, 7.7965724676836601, -0.00010641894020563677
27.127, 7.7972476787513569, -0.00010621179595084373
27.161, 7.7979412859218842, -0.00010600488799640038
27.194, 7.7986121878994075, -0.00010580998408822393
27.226, 7.7992804295391487, -0.0001056203938749046
27.258, 7.7999575036897237, -0.00010543249991719145
27.294, 7.8006212756240556, -0.0001052510323607132
27.326, 7.801282772332498, -0.00010507305003638393
27.36, 7.801962189185347, -0.00010489241752577444
27.393, 7.8026192908681589, -0.00010471926069773975
27.426, 7.803273717323604, -0.00010454791926018249
27.46, 7.8039457844268574, -0.00010437241341245631
27.494, 7.8045956440203437, -0.00010420281336924558
27.526, 7.805242616971098, -0.00010403360928013271
27.56, 7.8059065292197189, -0.00010385929056775784
27.594, 7.8065474933760024, -0.00010369017941817485
27.627, 7.8071837565868281, -0.00010352354459588189
27.661, 7.8078341478161031, -0.00010336104125415253
27.694, 7.8084597355062071, -0.00010321009672213778
27.726, 7.8090791307605194, -0.0001030652900830836
27.761, 7.8097118549153093, -0.00010290051719675741
27.788, 7.8103210185183789, -0.00010272549297899698
27.826, 7.8109256542538139, -0.00010254423071809662
27.86, 7.8115457130417241, -0.00010236823155281453
27.894, 7.8121457909762713, -0.00010220613989473754
27.926, 7.8127449149808763, -0.00010205272492955969
27.961, 7.8133616786113533, -0.000101899480728683
28.026, 7.8145559329431196, -0.0001016172574895878
28.026, 7.8145559329431196, -0.0001016172574895878
28.06, 7.815170364517499, -0.0001014791533968587
28.094, 7.8157646907537091, -0.00010135137285235718
28.127, 7.8163576319421253, -0.00010122636061172968
28.161, 7.8169664876990801, -0.00010111208260380527
28.194, 7.8175501530079412, -0.00010099446228212233
28.227, 7.818122392416285, -0.0001011865708275852
28.26, 7.818700012976028, -0.00010167650955417973
28.294, 7.8192311122796623, -0.00010426648897199916
28.326, 7.819714243409785, -0.00011154635790478971
28.361, 7.8201481252380916, -0.00012136922255656118
28.393, 7.8205176063381945, -0.0001196600926886981
28.426, 7.8208573200769518, -0.0001158288311129636
28.461, 7.8211944566131546, -0.0001127419022033814
28.492, 7.8215260146538608, -0.00011029656001127508
28.527, 7.8218779905308455, -0.00010818646607755762
28.558, 7.8222788848165674, -0.00010652324167200085
28.594, 7.8227216517665239, -0.0001053798682559481
28.627, 7.8232334191781456, -0.0001046182980354358
28.66, 7.823841894053019, -0.00010436306430152301
28.693, 7.8244724295434338, -0.00010409486214993834
28.727, 7.8250972762389353, -0.00010396900647670489
28.761, 7.8257360484315734, -0.00010372870570923461
28.793, 7.8263517839842436, -0.00010351376119306851
28.827, 7.8269630972333424, -0.00010332469736180452
28.861, 7.8275889683199313, -0.000103110976769269
28.893, 7.8281924108227514, -0.00010289998721775907
28.926, 7.8287916901877352, -0.00010267202706763995
28.96, 7.829405511761947, -0.00010242605439183214
28.993, 7.8299977053230752, -0.000102170278194984
29.026, 7.830586113983272, -0.00010190337763223869
29.061, 7.8311890845520251, -0.0001016165808737656
29.093, 7.8317710682257085, -0.00010132498434599327
29.127, 7.8323495587559115, -0.00010102306964660485
29.161, 7.832942600066926, -0.00010070156800604469
29.193, 7.8335152031869555, -0.00010037843883708568
29.227, 7.834084565312553, -0.00010004634015863951
29.26, 7.8346684475439083, -9.969529333496782e-05
29.293, 7.8352323793316137, -9.9345141016928635e-05
29.327, 7.8357932943468587, -9.8987858053890967e-05
29.36, 7.8363612894022223, -9.8621801831006868e-05
29.393, 7.8369171620334228, -9.8245985434046123e-05
29.427, 7.8374705086062333, -9.7864969065692854e-05
29.461, 7.8380383432903438, -9.7459525055655383e-05
29.494, 7.8385870940656579, -9.7057930803886498e-05
29.527, 7.8391332112573195, -9.6649329292972043e-05
29.561, 7.8396937137864828, -9.6221458398710862e-05
29.594, 7.8402354691071521, -9.580022312477576e-05
29.627, 7.840774862203971, -9.5375068455796113e-05
29.659, 7.8413285500018581, -9.4932293834798322e-05
29.694, 7.8418637838198553, -9.4499064383250987e-05
29.726, 7.8423965899466443, -9.4073974193849266e-05
29.761, 7.842943559031041, -9.3642207603081924e-05
29.794, 7.8434723448456429, -9.3222748355892415e-05
29.827, 7.8439987816964525, -9.280192477349134e-05
29.855, 7.8445392649928198, -9.2366544502878851e-05
29.893, 7.8450618277046722, -9.1942308580176882e-05
29.927, 7.8455821094779168, -9.151743685882632e-05
29.961, 7.8461164540744956, -9.1078100495853295e-05
29.993, 7.8466330969557792, -9.065021680021814e-05
30.026, 7.8471474605070535, -9.0221392657690273e-05
30.061, 7.8476755200482717, -8.9778125862009908e-05
30.094, 7.8481859861132452, -8.9346954713373687e-05
30.126, 7.8486940636594325, -8.8915483727075009e-05
30.161, 7.8492154985984115, -8.8470014777882421e-05
30.194, 7.84971937111853, -8.803694899591158e-05
30.227, 7.8502206801572045, -8.7603823846927589e-05
30.26, 7.8507280959589751, -8.7156865152337307e-05
30.293, 7.8512248364864909, -8.6727396825520629e-05
30.326, 7.8517191528787, -8.6294345461522735e-05
30.36, 7.8522193398983164, -8.584663481321689e-05
30.392, 7.8527089351595434, -8.5415417010267132e-05
30.427, 7.8531960958599374, -8.4981454936045112e-05
30.461, 7.8536957606486268, -8.4533438962968824e-05
30.493, 7.8541784127127299, -8.4086187485772087e-05
30.527, 7.8546585636354678, -8.3629454676149007e-05
30.56, 7.855151236966571, -8.315795453090552e-05
30.594, 7.8556273434994557, -8.2699908967872761e-05
30.626, 7.8561011814418871, -8.224209222431502e-05
30.66, 7.8565809679758303, -8.1776986239701815e-05
30.693, 7.8570511108706746, -8.1320092543445943e-05
30.727, 7.8575194218035644, -8.0864418092394517e-05
30.761, 7.8579937515561564, -8.0402466611801017e-05
30.793, 7.8584586615779193, -7.9949967440527675e-05
30.827, 7.8589218682208362, -7.9499515599351306e-05
30.86, 7.8593975655989547, -7.9037779927781072e-05
30.894, 7.8598576121782004, -7.8592352157118579e-05
30.926, 7.8603157752640769, -7.8150230634178262e-05
30.961, 7.8607799890214789, -7.7704309555936765e-05
30.992, 7.8612349554400298, -7.7269749228431989e-05
31.026, 7.8616881724780328, -7.6838655402875375e-05
31.061, 7.8621534014054753, -7.6398820546059995e-05
31.093, 7.862603181990262, -7.5976434123292225e-05
31.127, 7.8630512506377608, -7.5558221498112275e-05
31.16, 7.8635116376876892, -7.513146879833725e-05
31.194, 7.8639570749669518, -7.4721685822020233e-05
31.221, 7.8644009046429906, -7.431647855272895e-05
31.261, 7.8648569349984605, -7.3903461686032179e-05
31.291, 7.8652981992708604, -7.3507083562288978e-05
31.327, 7.865737877247299, -7.3115404700335195e-05
31.36, 7.8661896909949123, -7.2716414194102559e-05
31.394, 7.8666268866738962, -7.233374189773037e-05
31.427, 7.8670625328203787, -7.1955795843865701e-05
31.461, 7.867510324809726, -7.1570911458191834e-05
31.494, 7.8679436421383899, -7.1201915829249255e-05
31.526, 7.8683754318340791, -7.0837623813113266e-05
31.561, 7.8688131409358295, -7.0471466456892355e-05
31.593, 7.8692424581822289, -7.0116584209511433e-05
31.627, 7.8696704672294908, -6.9765845110862388e-05
31.661, 7.8701101606723114, -6.9408915969860626e-05
31.693, 7.870535363410319, -6.9066888474394634e-05
31.727, 7.8709586622059717, -6.87294794947313e-05
31.761, 7.8713932405918463, -6.8386436098524838e-05
31.793, 7.8718135358920884, -6.8058026690122515e-05
31.826, 7.8722323347326348, -6.7734242634635513e-05
31.86, 7.8726627519520624, -6.7405398509573494e-05
31.894, 7.873079312934534, -6.7091051246893812e-05
31.927, 7.8734944623216165, -6.6781751966183545e-05
31.961, 7.873921122285001, -6.6468218088832503e-05
31.994, 7.8743340377234983, -6.6169091237949294e-05
32.027, 7.8747455482179127, -6.5875339191758463e-05
32.061, 7.8751684613581148, -6.5578135244452764e-05
32.093, 7.8755723835649363, -6.5298569676889833e-05
32.127, 7.8759802281559468, -6.5021263925057671e-05
32.161, 7.8763995880134168, -6.4740911960384887e-05
32.194, 7.8768054376441583, -6.4474220001229439e-05
32.227, 7.8772098955858176, -6.4213687929768926e-05
32.26, 7.8776255486830671, -6.3950414807924808e-05
32.293, 7.8780277939462069, -6.3701238169359294e-05
32.326, 7.8784286501819851, -6.3458093413929954e-05
32.36, 7.8788405898756446, -6.3213547633989486e-05
32.393, 7.8792392288508886, -6.2982044409993818e-05
32.426, 7.8796312910868078, -6.2759185323201528e-05
32.461, 7.8800339839957392, -6.2535522918899435e-05
32.492, 7.8804291481891031, -6.2321422762080038e-05
32.527, 7.8808231483507631, -6.2112990671558613e-05
32.56, 7.8812280178915914, -6.1904038068588005e-05
32.593, 7.8816197814263989, -6.1706875227983331e-05
32.626, 7.8820101475269189, -6.1515304059133242e-05
32.66, 7.8824112642727249, -6.1323514889991478e-05
32.693, 7.8827993916002832, -6.1142791542301476e-05
32.727, 7.8831861301805652, -6.096742135942439e-05
32.761, 7.8835781869403876, -6.0794275510778079e-05
32.794, 7.8839626564757141, -6.0629282113590347e-05
32.826, 7.884345954339004, -6.0469310958474397e-05
32.86, 7.8847397971870095, -6.0309537280186956e-05
32.893, 7.8851208662827617, -6.0159336910028973e-05
32.927, 7.8855005525021928, -6.0014070477857076e-05
32.961, 7.8858906848720789, -5.9869152604971573e-05
32.993, 7.8862632595512165, -5.9734729733226687e-05
33.026, 7.8866393254547171, -5.9603055544330513e-05
33.061, 7.8870259231708637, -5.947183939819698e-05
33.094, 7.8873999760304967, -5.9348771526072408e-05
33.126, 7.8877726527892227, -5.9229845340674445e-05
33.16, 7.8881555495212128, -5.9111407593935393e-05
33.194, 7.888526004640136, -5.9000366746817137e-05
33.226, 7.8888950891029319, -5.8893125777267609e-05
33.261, 7.8892742830949665, -5.8786367855217494e-05
33.293, 7.8896411383229452, -5.8686311003435062e-05
33.326, 7.8900066122672685, -5.8589702460138896e-05
33.36, 7.8903770806821072, -5.8494857235051091e-05
33.394, 7.890735579127476, -5.8405883835808286e-05
33.427, 7.891097525821837, -5.8318776553009199e-05
33.46, 7.891469535781618, -5.8232098627976101e-05
33.494, 7.8918247793970489, -5.81519687897607e-05
33.526, 7.8921832092216695, -5.8073371140068573e-05
33.56, 7.8925467144962473, -5.799627272837472e-05
33.593, 7.8929030242100993, -5.7922755659468137e-05
33.626, 7.8932581450937249, -5.7851745247937674e-05
33.661, 7.8936229330990395, -5.7780832844158553e-05
33.693, 7.8939757950281919, -5.7714036877537025e-05
33.727, 7.8943272829174527, -5.7649128111841587e-05
33.761, 7.8946883349638481, -5.7583911597488787e-05
33.794, 7.895037587576434, -5.7522085615323746e-05
33.827, 7.8953854839877566, -5.7461559145712855e-05
33.86, 7.8957428467172033, -5.7400174837952065e-05
33.893, 7.8960885275295292, -5.7341550223998327e-05
33.926, 7.8964328629026816, -5.7283822514754819e-05
33.961, 7.8967865791926686, -5.7225053678562045e-05
33.993, 7.8971287327952524, -5.7168741822098526e-05
34.027, 7.8974695471805099, -5.7113198045226994e-05
34.061, 7.8978149668282605, -5.70475947481633e-05
34.093, 7.8981491799890291, -5.6987058807793415e-05
34.127, 7.8984865917305251, -5.6924414860230322e-05
34.16, 7.8988333559514068, -5.6860657266087836e-05
34.193, 7.8991644180691694, -5.6797340067637812e-05
34.218, 7.8994984076072496, -5.6733578218276265e-05
34.218, 7.899841601016595, -5.6667661595133744e-05
34.294, 7.9001746734200484, -5.6607804488476685e-05
34.327, 7.9005052952454333, -5.6539181718850574e-05
34.36, 7.9008447788785423, -5.6470440434631142e-05
34.393, 7.9011730870236594, -5.6405561483766531e-05
34.427, 7.9015000458889597, -5.6339991708745753e-05
34.46, 7.9018358308354983, -5.6272426763465501e-05
34.494, 7.9021605753232551, -5.6207024762392012e-05
34.527, 7.9024839962400577, -5.6141375107050642e-05
34.56, 7.9028161582010537, -5.6073965130762232e-05
34.593, 7.9031374079027321, -5.6008761320066983e-05
34.626, 7.9034573565589294, -5.5943426546585084e-05
34.661, 7.9037859590478261, -5.5875598387739291e-05
34.693, 7.9041037619703944, -5.5810237316596234e-05
34.727, 7.9044202575624816, -5.5746184593649182e-05
34.76, 7.9047452986003526, -5.5680649954963475e-05
34.794, 7.9050555211781441, -5.5613709314935561e-05
34.827, 7.9053685019550581, -5.5554685439359579e-05
34.86, 7.9056857125872684, -5.5490404180162699e-05
34.894, 7.9059965870293452, -5.5434135136819613e-05
34.927, 7.9063061781280899, -5.5379545143749084e-05
34.961, 7.9066236714150744, -5.5338885038956067e-05
34.993, 7.9069298740391636, -5.5356736259021506e-05
35.026, 7.907233403406563, -5.5437004352604836e-05
35.061, 7.907543001495406, -5.5381665155212651e-05
35.093, 7.9078395685093721, -5.5332168259262763e-05
35.126, 7.9081310997275764, -5.5295974857029938e-05
35.16, 7.9084257923354855, -5.5285373977710477e-05
35.194, 7.9087060081981271, -5.5305934489323901e-05
35.226, 7.9089802463211285, -5.5351074660274652e-05
35.261, 7.9092572526808578, -5.5416517688944019e-05
35.294, 7.909520836064436, -5.5493442049141444e-05
35.327, 7.9097790368068628, -5.5579963618334348e-05
35.36, 7.910040158976968, -5.5676428486975339e-05
35.393, 7.9102891524281782, -5.5773970571169593e-05
35.427, 7.9105339974300897, -5.5842818195945706e-05
35.46, 7.9107830729017428, -5.5853652690273351e-05
35.494, 7.9110224900938499, -5.5851216432206641e-05
35.525, 7.9112604151594352, -5.5855139566331074e-05
35.561, 7.9115054728197727, -5.5872512021664742e-05
35.593, 7.9117444034752955, -5.5902579034761173e-05
35.626, 7.9119855008181359, -5.5983462454145361e-05
35.661, 7.9122324862803808, -5.6066098927174471e-05
35.694, 7.9124779012256319, -5.6166999730716008e-05
35.726, 7.9127253837649683, -5.6270630361207109e-05
35.76, 7.9129821487312269, -5.6359517068639845e-05
35.794, 7.9132328314030707, -5.6453318361950981e-05
35.826, 7.9134847357522009, -5.6549415592347642e-05
35.861, 7.9137455480285945, -5.6648153469810804e-05
35.893, 7.9139997000376505, -5.6739455657360882e-05
35.927, 7.9142546217305201, -5.6830038763599965e-05
35.961, 7.9145181270524549, -5.6923283363582121e-05
35.993, 7.9147708359171007, -5.7025639397419671e-05
36.027, 7.915027934696691, -5.709379192398024e-05
36.061, 7.9152930755919222, -5.7178351025649906e-05
36.093, 7.9155507184431446, -5.7270388506845556e-05
36.126, 7.9158085530731057, -5.735772101809618e-05
36.16, 7.9160704908685302, -5.7450267661630274e-05
36.194, 7.9163295154182993, -5.7488342019873492e-05
36.227, 7.9165868457672497, -5.7588250703681995e-05
36.261, 7.9168531904663411, -5.7640871532193667e-05
36.293, 7.9171109119689209, -5.7626935579915284e-05
36.327, 7.9173668194961397, -5.771960161354788e-05
36.36, 7.9176296329700593, -5.7839516268447765e-05
36.394, 7.9178854358923161, -5.7929908017166977e-05
36.426, 7.9181396757385851, -5.8045855647150102e-05
36.46, 7.9184003723236893, -5.818478264083314e-05
36.494, 7.9186518207596412, -5.8275818982699021e-05
36.526, 7.9188996489958905, -5.8492493010728584e-05
36.56, 7.9191561837694611, -5.8684550189506377e-05
36.593, 7.9194061701501868, -5.8848797374650807e-05
36.626, 7.9196507867731096, -5.9087647670200469e-05
36.66, 7.9198885864646327, -5.9708125387411789e-05
36.694, 7.9200972387069895, -6.1299714231823502e-05
36.726, 7.9202757985035932, -6.4857063069229438e-05
36.76, 7.9204196576180319, -7.1952539540464001e-05
36.794, 7.9205118904150238, -8.2761916825963567e-05
36.826, 7.9205495948453093, -9.8740735184324693e-05
36.861, 7.9205528578306525, -0.0001184352408406117
36.894, 7.920554400997049, -0.00012866722490150693
36.926, 7.9205539335159614, -0.00012550543264283498
36.961, 7.9205527689702837, -0.00011774344062265787
36.993, 7.9205517009185895, -0.00011062783091980809
37.027, 7.9205508229015891, -0.00010478636745374915
37.061, 7.9205500711926842, -9.979189549563837e-05
37.094, 7.9205494934765603, -9.5609496921977727e-05
37.127, 7.9205503673707769, -9.1873651224079998e-05
37.16, 7.9205596266698928, -8.8560296739306811e-05
37.194, 7.9205854778669531, -8.5804147231674952e-05
37.227, 7.9206367501121671, -8.3512783011695517e-05
37.26, 7.9207255162871846, -8.1624173403160242e-05
37.293, 7.9208557526285324, -8.0252920118951371e-05
37.326, 7.9210386311648726, -7.9320349749635022e-05
37.361, 7.9212903829933587, -7.8767417735140641e-05
37.394, 7.9215994723020922, -7.8674210580094932e-05
37.426, 7.9219513626201286, -7.9014153439269102e-05
37.46, 7.9223022960264755, -7.9167997029658699e-05
37.493, 7.9226372008910095, -7.9308530681489048e-05
37.527, 7.9229696858086749, -7.9395839171514729e-05
37.56, 7.9233029776375661, -7.9445358940087284e-05
37.593, 7.9236242593898538, -7.9463217508372907e-05
37.627, 7.9239404885024713, -7.9450543060046537e-05
37.66, 7.9242616987966974, -7.9404802073323693e-05
37.694, 7.924569058124078, -7.933528711595094e-05
37.727, 7.9248720583978551, -7.923873305739494e-05
37.76, 7.9251802467759518, -7.9110988205684403e-05
37.793, 7.9254755158268813, -7.8967725309896011e-05
37.826, 7.9257669696888922, -7.8801134402788425e-05
37.861, 7.9260609843510634, -7.8612324352932505e-05
37.894, 7.9263456456464416, -7.8415768151931115e-05
37.927, 7.9266270952112414, -7.8190330591468272e-05
37.961, 7.9269140258109703, -7.794208516598671e-05
37.993, 7.927189574664669, -7.7683461956945605e-05
38.027, 7.9274621527454219, -7.7408083198156238e-05
38.059, 7.9277402817944607, -7.7109639004110893e-05
38.094, 7.928007623955188, -7.6803461059333402e-05
38.126, 7.9282723003778734, -7.6483949939923116e-05
38.161, 7.9285425736565482, -7.6142998757388049e-05
38.193, 7.9288025640833943, -7.5797355045655222e-05
38.226, 7.9290601506304359, -7.5441646900124991e-05
38.261, 7.9293233749774137, -7.5066038796485233e-05
38.293, 7.9295767672111737, -7.4689070235005084e-05
38.326, 7.9298279926329425, -7.4305026103365401e-05
38.36, 7.9300820458562358, -7.3911979397742232e-05
38.392, 7.9303294522206604, -7.3507169355071497e-05
38.425, 7.9305750658933345, -7.3101237668314761e-05
38.461, 7.9308235046116886, -7.268809999914619e-05
38.493, 7.9310656525956178, -7.2265135805798939e-05
38.526, 7.9313061551829787, -7.184361451128433e-05
38.561, 7.9315523463044162, -7.1404773375569432e-05
38.594, 7.9317897293098518, -7.0975250944995677e-05
38.626, 7.9320254519271804, -7.0543289715754105e-05
38.661, 7.9322668647893364, -7.0096093927381648e-05
38.693, 7.9324970586509025, -6.9669696105323747e-05
38.726, 7.9327283657613261, -6.9228195532457029e-05
38.761, 7.9329654659745312, -6.8779724085199121e-05
38.794, 7.9331915870139662, -6.8349286202568026e-05
38.826, 7.9334188917850081, -6.7949918866611877e-05
38.86, 7.9336519253214028, -6.7546776580832904e-05
38.894, 7.9338768338933292, -6.7155845029820603e-05
38.926, 7.9341003768248779, -6.6766022602638976e-05
38.961, 7.9343295251344612, -6.6364349159961174e-05
38.993, 7.9345507527457828, -6.5975188644904552e-05
39.026, 7.9347707057324239, -6.5587697315945079e-05
39.061, 7.9349934578407169, -6.5187998308449333e-05
39.093, 7.9352112389530305, -6.4806199742252458e-05
39.127, 7.9354279259365752, -6.442399615828519e-05
39.161, 7.9356501697185333, -6.4028628621866276e-05
39.193, 7.9358648388300477, -6.3644984054397297e-05
39.227, 7.9360783849712666, -6.3264289236644085e-05
39.26, 7.9362974758412594, -6.287586673132374e-05
39.294, 7.936509190250943, -6.2472640959602865e-05
39.327, 7.9367198822456118, -6.2068281053431426e-05
39.36, 7.9369361209546962, -6.1652190601264547e-05
39.394, 7.9371451309423957, -6.1249182338191105e-05
39.427, 7.9373531814301677, -6.0847483781705934e-05
39.461, 7.9375667561949346, -6.04348174216917e-05
39.493, 7.93777323274736, -6.0035728504181266e-05
39.525, 7.937978800315884, -5.963847362412172e-05
39.56, 7.9381898641023252, -5.9230887545787584e-05
39.594, 7.9383939466183824, -5.8837173203696671e-05
39.627, 7.9385971621767837, -5.8445677047105514e-05
39.661, 7.9388058415935854, -5.8044394317318708e-05
39.693, 7.9390076452159235, -5.7657146070504129e-05
39.726, 7.9392086161277318, -5.7272411793785055e-05
39.76, 7.9394150142515434, -5.6878364169408408e-05
39.793, 7.9396146322940302, -5.6498384991063863e-05
39.827, 7.9398134456902527, -5.6121115188879485e-05
39.86, 7.9400176466461607, -5.5734922717576966e-05
39.891, 7.9402151563883105, -5.5362662629047508e-05
39.926, 7.9404118856861041, -5.4993176363691629e-05
39.961, 7.9406139613622591, -5.4615049708462259e-05
39.994, 7.940809428891872, -5.4250639088052726e-05
40.026, 7.9410041364889921, -5.3888968272898177e-05
40.06, 7.9412041476129565, -5.3518827215004596e-05
40.093, 7.9413951117462735, -5.316664185947977e-05
40.126, 7.9415878354704708, -5.2812854011136814e-05
40.161, 7.9417859182589776, -5.2450433597285356e-05
40.19, 7.9419775453259227, -5.2101034750496447e-05
40.227, 7.9421684419278025, -5.1754164012721671e-05
40.26, 7.9423645520180521, -5.139907167463783e-05
40.294, 7.9425542714112058, -5.1056747137558595e-05
40.324, 7.9427432738854042, -5.0716887293533867e-05
40.36, 7.9429374447729382, -5.0368945185455344e-05
40.393, 7.9431252940822477, -5.0033477566531527e-05
40.427, 7.9433124390346084, -4.9700337397299825e-05
40.461, 7.9435047069563147, -4.9359182663648882e-05
40.493, 7.9436907200080658, -4.9030169882568221e-05
40.527, 7.9438760400433948, -4.8703399705714169e-05
40.56, 7.9440664425900733, -4.8368739496530019e-05
40.594, 7.9442507038602921, -4.8045852113952713e-05
40.626, 7.9444342814055835, -4.7725091403153297e-05
40.659, 7.9446203343963457, -4.7400839895428421e-05
40.694, 7.9448003928311319, -4.7088076765295557e-05
40.727, 7.9449822524936238, -4.6773304768282111e-05
40.761, 7.9451691922851717, -4.6450385253130074e-05
40.793, 7.9453500517408271, -4.6138655433231179e-05
40.826, 7.945530233137867, -4.5828746643039668e-05
40.861, 7.9457153459354544, -4.5511009565097932e-05
40.893, 7.9458944352400342, -4.5204192486635012e-05
40.927, 7.946072855351014, -4.4899048325342783e-05
40.961, 7.9462561611477005, -4.4586076936495223e-05
40.993, 7.9464335044946033, -4.4283752250726828e-05
41.027, 7.9466101872161241, -4.3982981309224045e-05
41.06, 7.9467917171310321, -4.3674393759121692e-05
41.094, 7.9469673451300151, -4.3376213040577813e-05
41.127, 7.9471423211485526, -4.3079474354142309e-05
41.161, 7.9473220933323958, -4.27749490798457e-05
41.194, 7.947496022201789, -4.2480624777172035e-05
41.227, 7.9476693069618669, -4.2187662111009291e-05
41.261, 7.9478473430190633, -4.188695347444256e-05
41.294, 7.948019593440061, -4.1596269641644434e-05
41.325, 7.9481912068385459, -4.1306928706573525e-05
41.36, 7.9483675267623974, -4.1009903182139836e-05
41.393, 7.948538117612916, -4.0722763017576992e-05
41.427, 7.9487080788168809, -4.0436886747692145e-05
41.457, 7.9488827021386763, -4.0143402871050537e-05
41.494, 7.9490494246832775, -3.9863257553071827e-05
41.527, 7.9492177365910086, -3.9580906610644994e-05
41.561, 7.9493907555224288, -3.9290946419420405e-05
41.593, 7.9495581543192975, -3.9010613075030556e-05
41.626, 7.9497249321945445, -3.8731572260244107e-05
41.66, 7.9498962815608394, -3.8445189618146328e-05
41.694, 7.9500620609966894, -3.8168430859495168e-05
41.727, 7.9502272249039905, -3.7893018092151405e-05
41.761, 7.9503969156364116, -3.7610430874294618e-05
41.793, 7.9505610899681693, -3.7337416178634332e-05
41.827, 7.9507246551100739, -3.7065811111500968e-05
41.861, 7.9508927036305677, -3.6787234125786146e-05
41.893, 7.9510552893944038, -3.6518206821934197e-05
41.927, 7.9512172720137082, -3.625068654229317e-05
41.96, 7.9513836947951306, -3.5976415473143393e-05
41.994, 7.9515447077846968, -3.5711661507083225e-05
42.027, 7.9517051235217364, -3.5448519988189968e-05
42.06, 7.9518699363166432, -3.5178909218603416e-05
42.093, 7.9520293914451683, -3.491882999848946e-05
42.127, 7.9521882548553942, -3.466049877787232e-05
42.161, 7.9523514726437803, -3.4395961311164567e-05
42.193, 7.9525073021623518, -3.414415500108171e-05
42.226, 7.9526646129637406, -3.3890961085312242e-05
42.261, 7.952826318937003, -3.3631761939781624e-05
42.292, 7.9529827677211609, -3.3382000806728734e-05
42.327, 7.9531386308544265, -3.3134231298182733e-05
42.361, 7.9532987601127756, -3.2880876546300791e-05
42.393, 7.9534536783818028, -3.2636967751314961e-05
42.426, 7.9536080166069105, -3.2395138879014385e-05
42.46, 7.9537665802195052, -3.2147965394161214e-05
42.489, 7.9539199845521518, -3.1910127923280554e-05
42.527, 7.9540728150382307, -3.1674464884999029e-05
42.561, 7.9542298294221023, -3.1433752496896496e-05
42.594, 7.954381734679008, -3.1202290382458073e-05
42.626, 7.9545330714803804, -3.0973099984214575e-05
42.661, 7.9546885517780819, -3.0739146600495556e-05
42.693, 7.954838973388183, -3.0514314733932035e-05
42.726, 7.9549888325033722, -3.0291816807949299e-05
42.761, 7.9551427950161253, -3.0064825898057249e-05
42.793, 7.9552917485329901, -2.9846811302459938e-05
42.827, 7.9554401453108063, -2.9631180391088275e-05
42.86, 7.9555926056674995, -2.9411317995787295e-05
42.894, 7.9557401067572515, -2.9200166470915471e-05
42.926, 7.9558870574543779, -2.8991284837307123e-05
42.961, 7.9560380331276033, -2.8778306159960734e-05
42.993, 7.9561840991018702, -2.8573777762017075e-05
43.027, 7.9563296218017356, -2.8371274649152179e-05
43.061, 7.9564791315068035, -2.8164628874383473e-05
43.093, 7.9566237785790213, -2.796617196214745e-05
43.127, 7.9567678862005149, -2.7770029335368566e-05
43.16, 7.956915940795291, -2.7570301361700997e-05
43.194, 7.9570591791992129, -2.7379030067950391e-05
43.227, 7.9572018827490236, -2.7190087157216285e-05
43.26, 7.9573484940852568, -2.6997798714031402e-05
43.294, 7.9574903357116451, -2.6813426204478477e-05
43.326, 7.9576316462671315, -2.663132304673693e-05
43.361, 7.9577768252394385, -2.6445962669674263e-05
43.394, 7.9579172801113698, -2.6268367160468061e-05
43.427, 7.9580572088849184, -2.6092972600819761e-05
43.461, 7.9582009674404706, -2.5914338348345848e-05
43.493, 7.9583400476240742, -2.5743343882414746e-05
43.526, 7.9584786055118775, -2.5574397001654474e-05
43.561, 7.9586209547485129, -2.5402294951239402e-05
43.593, 7.9587586703782209, -2.5237370218604982e-05
43.626, 7.9588958678834247, -2.507447154838605e-05
43.66, 7.9590368194426508, -2.4908838173167089e-05
43.694, 7.9591731827086063, -2.4750294118778179e-05
43.726, 7.9593090337804062, -2.4593464014750102e-05
43.761, 7.959448602565681, -2.4433661913066314e-05
43.794, 7.9595836285546202, -2.4280360931486594e-05
43.827, 7.959718147848367, -2.4128869199733243e-05
43.86, 7.9598563488359453, -2.3974513617866348e-05
43.894, 7.9599900521079228, -2.3826392698938284e-05
43.927, 7.9601232540658877, -2.3679971612149106e-05
43.96, 7.9602601020252228, -2.3530720998644336e-05
43.993, 7.9603924965080131, -2.338741940315077e-05
44.027, 7.9605243955633878, -2.3245621653639717e-05
44.061, 7.9606599053510347, -2.3101010879724016e-05
44.094, 7.960791006422447, -2.2962068718194016e-05
44.126, 7.9609216173067807, -2.2824520373250584e-05
44.16, 7.9610558046650732, -2.2684099505962418e-05
44.194, 7.9611856265884029, -2.2549018746497963e-05
44.227, 7.961314968759214, -2.2415324203846181e-05
44.26, 7.9614460454360296, -2.2280595637905281e-05
44.293, 7.9615745914394864, -2.2149630290156917e-05
44.326, 7.9617027267139626, -2.201975174310988e-05
44.36, 7.9618343688157873, -2.1887204016877383e-05
44.394, 7.9619617235569109, -2.1759776048913953e-05
44.425, 7.9620885976711611, -2.1633589450963566e-05
44.461, 7.9622189410121349, -2.1504741365080311e-05
44.494, 7.9623450395778459, -2.1380818359321079e-05
44.527, 7.9624706626938959, -2.125805284328106e-05
44.56, 7.9625997218671341, -2.1132645012807387e-05
44.594, 7.9627245790298726, -2.1011978854820722e-05
44.626, 7.9628489663271473, -2.0892387161811639e-05
44.661, 7.9629767566984162, -2.0770166118104884e-05
44.694, 7.9631003870555972, -2.0652511877009693e-05
44.727, 7.9632235527615167, -2.0535851172192481e-05
44.76, 7.9633500886470925, -2.0416568081354292e-05
44.793, 7.9634725058189098, -2.0301685601574158e-05
44.826, 7.9635944633310087, -2.0187716319438266e-05
44.861, 7.9637197583444275, -2.0071125225703313e-05
44.894, 7.9638409753827819, -1.9958775625153413e-05
44.927, 7.9639617376294645, -1.9847258622108458e-05
44.961, 7.9640858050364027, -1.973311198866599e-05
44.993, 7.9642058348563918, -1.962305424317089e-05
45.027, 7.9643254148297373, -1.9513747601697766e-05
45.06, 7.964448268177347, -1.940179422555197e-05
45.093, 7.9645671241108635, -1.9293783143363279e-05
45.127, 7.9646855344659278, -1.9186446132625995e-05
45.16, 7.9648071855412965, -1.9076440146257137e-05
45.194, 7.964924877399036, -1.897023831007654e-05
45.227, 7.965042127726103, -1.8864625473338054e-05
45.26, 7.9651625869440572, -1.8756314226409729e-05
45.293, 7.9652791256696105, -1.8651678193040102e-05
45.327, 7.9653952265337615, -1.8547552703329831e-05
45.361, 7.9655145041063902, -1.8440693220537786e-05
45.393, 7.9656298990383636, -1.8337387342741189e-05
45.426, 7.9657448603378835, -1.8234513035888222e-05
45.461, 7.9658629667463323, -1.8128861630372777e-05
45.494, 7.96597722777061, -1.8026649711356726e-05
45.527, 7.966091058968912, -1.7924793470141818e-05
45.56, 7.9662080036218264, -1.78201117134713e-05
45.594, 7.9663211401320497, -1.7718763434757078e-05
45.627, 7.9664338504960179, -1.7617691939531457e-05
45.661, 7.9665496435622813, -1.7513739131388933e-05
45.693, 7.9666616661385676, -1.7413021439075745e-05
45.727, 7.9667732665794828, -1.730954917568711e-05
45.761, 7.9668879197069771, -1.720054047328679e-05
45.793, 7.966998839530266, -1.709547909673813e-05
45.827, 7.9671093475618786, -1.699136919050845e-05
45.861, 7.9672228784671635, -1.6883277488995389e-05
45.894, 7.967332712138969, -1.6778326524239519e-05
45.926, 7.9674421309763135, -1.6673325212177772e-05
45.961, 7.9675545413706219, -1.656492161256191e-05
45.991, 7.9676632897878177, -1.6459587263039792e-05
46.026, 7.9677716259388651, -1.6354174067990629e-05
46.061, 7.96788292213503, -1.6245318330647132e-05
46.094, 7.9679905911231534, -1.6139563071381183e-05
46.127, 7.9680978504450328, -1.6033752985897244e-05
46.161, 7.9682080378421034, -1.5924493046271181e-05
46.193, 7.9683146287368603, -1.5818317174735715e-05
46.226, 7.9684208033699298, -1.571204305636789e-05
46.261, 7.968529858967365, -1.5602273687182815e-05
46.294, 7.9686353299431998, -1.5495535884301086e-05
46.326, 7.9687403531390117, -1.5388645338603288e-05
46.36, 7.9688481811716816, -1.5278240781660854e-05
46.394, 7.9689524175768058, -1.5170957186798202e-05
46.427, 7.9690561648666298, -1.5063723608053676e-05
46.461, 7.9691626438744585, -1.4953356637026748e-05
46.493, 7.9692655464259516, -1.4846607044892536e-05
46.526, 7.9693679439681171, -1.4740799228680807e-05
46.56, 7.9694730238861569, -1.4632964466225017e-05
46.594, 7.9695745680858279, -1.453015946153141e-05
46.626, 7.9696756116519571, -1.4430607862685555e-05
46.66, 7.9697792978038553, -1.4332221122875301e-05
46.694, 7.9698794802531285, -1.42426164513886e-05
46.727, 7.969979138424617, -1.4160455458266042e-05
46.761, 7.9700813629511424, -1.4082165455988862e-05
46.794, 7.9701800929386399, -1.4013871792092112e-05
46.827, 7.9702782984277007, -1.3922928991147538e-05
46.861, 7.970379002651895, -1.3823877226811159e-05
46.893, 7.9704749307280478, -1.3728706147549666e-05
46.927, 7.9705715732419726, -1.3633055539713968e-05
46.96, 7.9706706892925734, -1.3534960595256008e-05
46.994, 7.9707663515386349, -1.3440556744830075e-05
47.026, 7.970861406461256, -1.3347234245829825e-05
47.061, 7.9709588070455215, -1.3252552404826008e-05
47.094, 7.9710527812537535, -1.316231730980203e-05
47.127, 7.9711461295527606, -1.3074022154453794e-05
47.16, 7.9712417542534917, -1.2985429149408466e-05
47.193, 7.9713339901011473, -1.2902027940990473e-05
47.227, 7.9714255871567605, -1.2821505413747007e-05
47.261, 7.9715180759246582, -1.2742291222971596e-05
47.293, 7.9716085293521042, -1.2668793178201726e-05
47.326, 7.9716983873022951, -1.2598918226459876e-05
47.361, 7.9717903932277281, -1.2531225086935018e-05
47.394, 7.9718790907336423, -1.2469929622448052e-05
47.427, 7.9719671184425689, -1.2413222427018858e-05
47.461, 7.972057182756668, -1.2360901050127547e-05
47.494, 7.9721439883348069, -1.2314312079592738e-05
47.526, 7.9722301110489298, -1.2272992835874426e-05
47.561, 7.9723182281995149, -1.223634617395574e-05
47.594, 7.9724031254517636, -1.2206744687587204e-05
47.626, 7.9724873481139644, -1.2183213687855027e-05
47.661, 7.9725722934999395, -1.2164710351886143e-05
47.693, 7.9726553497983792, -1.2154680713377072e-05
47.726, 7.9727378283682189, -1.2151175747715059e-05
47.76, 7.9728222718555131, -1.2154839362327214e-05
47.793, 7.9729036996398586, -1.2165525822223778e-05
47.827, 7.972984567569382, -1.2183300328183209e-05
47.861, 7.9730674252953806, -1.2209324201845374e-05
47.894, 7.9731473974052394, -1.2242092529012913e-05
47.927, 7.9732269016360382, -1.2282284490301122e-05
47.961, 7.9733084444945801, -1.2331740515931148e-05
47.994, 7.9733872210779886, -1.2387559413386376e-05
48.027, 7.9734656052751456, -1.2451060749279157e-05
48.061, 7.9735460586591653, -1.2524827295034519e-05
48.094, 7.9736238336482437, -1.2604450241664294e-05
48.126, 7.9737012675391714, -1.2691893418095758e-05
48.16, 7.9737807875598099, -1.2790345796956652e-05
48.193, 7.9738566234977091, -1.2890939857062731e-05
48.226, 7.9739332197485639, -1.3002626006571452e-05
48.261, 7.9740108220000998, -1.312242761274901e-05
48.294, 7.9740869818305065, -1.3250162095903334e-05
48.327, 7.9741629010429351, -1.3385184335771138e-05
48.361, 7.9742409077993734, -1.3532047866671996e-05
48.394, 7.9743163854721413, -1.3681826739792801e-05
48.426, 7.9743915915031938, -1.3838436256155861e-05
48.461, 7.9744688722518049, -1.4006911236315462e-05
48.493, 7.9745436541859558, -1.4176995592582317e-05
48.526, 7.9746181725086682, -1.4353189791181894e-05
48.561, 7.9746936693646822, -1.4536910411008413e-05
48.593, 7.9747677695597563, -1.4725451891381462e-05
48.627, 7.974841655989648, -1.4919177452588621e-05
48.661, 7.9749175928672669, -1.512412290179619e-05
48.693, 7.9749910873946614, -1.5327798122566291e-05
48.727, 7.9750643417221445, -1.5535738515257811e-05
48.76, 7.9751396443163971, -1.5754277223306704e-05
48.794, 7.9752125426258784, -1.597016820076064e-05
48.826, 7.9752852188117496, -1.6189240818001232e-05
48.86, 7.9753599410484757, -1.6417928923949835e-05
48.893, 7.9754322904209856, -1.6642663688168589e-05
48.926, 7.9755044318797514, -1.6869699994696919e-05
48.961, 7.9755775803830149, -1.7101107262496808e-05
48.994, 7.9756494129667068, -1.7297541227413558e-05
49.027, 7.9757211026077233, -1.7419327492894098e-05
49.06, 7.9757948570746322, -1.7539519607041963e-05
49.094, 7.9758663177667719, -1.7666801396236139e-05
49.127, 7.9759376197278797, -1.7788244243015833e-05
49.16, 7.9760109778171717, -1.7941957196039227e-05
49.193, 7.9760820318719396, -1.8163949767889819e-05
49.227, 7.9761529014402361, -1.8391805474401374e-05
49.261, 7.9762257834292063, -1.8631293276920874e-05
49.293, 7.9762963608608564, -1.886500375446458e-05
49.326, 7.9763667401696257, -1.9099483689957046e-05
49.361, 7.9764391111881663, -1.9339621096557241e-05
49.394, 7.9765091858277621, -1.9573601945424431e-05
49.426, 7.9765790554962237, -1.9804898021968161e-05
49.461, 7.9766499033910385, -2.0032495834118864e-05
49.494, 7.9767194512039303, -2.0256118030287709e-05
49.527, 7.976788830797541, -2.0472813751839089e-05
49.56, 7.9768601623788342, -2.0689750105943103e-05
49.594, 7.9769282965000663, -2.0891985106411589e-05
49.627, 7.9769971370541475, -2.1090994190305273e-05
49.661, 7.977067946757928, -2.1288751048775333e-05
49.693, 7.977136495367243, -2.1474172984738863e-05
49.727, 7.9772048275240275, -2.1652727123250345e-05
49.761, 7.9772750692767209, -2.1828735273547812e-05
49.794, 7.9773430606540616, -2.1992115347338305e-05
49.827, 7.9774108309291387, -2.214782778034903e-05
49.861, 7.9774804886531685, -2.2299559521013469e-05
49.893, 7.9775479085732721, -2.2438495719728562e-05
49.926, 7.9776151181908075, -2.2567490155328959e-05
49.96, 7.9776842191430717, -2.2689993079738888e-05
49.993, 7.9777511124357625, -2.2800177956154561e-05
50.026, 7.9778177864212871, -2.2901838617680232e-05
50.061, 7.9778863159376581, -2.2996621428930996e-05
50.094, 7.9779526431745982, -2.3078931907446564e-05
50.126, 7.9780187514412084, -2.3152218440378671e-05
50.161, 7.9780857554070579, -2.3218419171196085e-05
50.193, 7.9781515120246755, -2.3270653054779042e-05
50.226, 7.9782170866302726, -2.3313834061078197e-05
50.26, 7.9782844836344475, -2.3347955654486032e-05
50.293, 7.9783497106486019, -2.3370874975738823e-05
50.327, 7.9784147153461449, -2.338389398907268e-05
50.36, 7.9784815218567031, -2.3386660171935892e-05
50.393, 7.9785461745167199, -2.3379068482536134e-05
50.426, 7.9786106042641682, -2.3361539715097022e-05
50.46, 7.9786768172696023, -2.3332878546182136e-05
50.494, 7.9787408933409845, -2.3294911332422779e-05
50.527, 7.978804744826367, -2.3247105752195266e-05
50.56, 7.9788703598464101, -2.318736234151063e-05
50.594, 7.9789329936983631, -2.312298356028361e-05
50.627, 7.9789962537980648, -2.3043607385007225e-05
50.66, 7.979061294338103, -2.2953036306686873e-05
50.693, 7.9791242290360307, -2.2855511541273435e-05
50.727, 7.9791869332178207, -2.2748799215272992e-05
50.761, 7.9792513576284421, -2.2629406403423538e-05
50.794, 7.9793136875923354, -2.2504629640072363e-05
50.827, 7.9793757845533264, -2.2371234518468955e-05
50.86, 7.9794395826081486, -2.2224616745034088e-05
50.894, 7.9795013049441161, -2.20736862308786e-05
50.926, 7.9795627945263101, -2.1914518597131341e-05
50.961, 7.9796259687496383, -2.1741462392892412e-05
50.993, 7.9796870880358002, -2.1564994520018657e-05
51.027, 7.9797479788222123, -2.1380496867679964e-05
51.06, 7.9798105380783504, -2.1181940881324253e-05
51.094, 7.9798710613573274, -2.0981343749134315e-05
51.125, 7.9799313570831636, -2.0773341030496461e-05
51.161, 7.9799933032611419, -2.0551182187000224e-05
51.194, 7.980053230774427, -2.0328167076128376e-05
51.226, 7.980112929768425, -2.0098115529344398e-05
51.261, 7.9801742611638939, -1.9853684373153228e-05
51.294, 7.9802335922189638, -1.9609552038306748e-05
51.326, 7.9802926968185846, -1.9358935083441339e-05
51.361, 7.9803534170156336, -1.9093531082394772e-05
51.394, 7.980412144327981, -1.882872841019617e-05
51.426, 7.9804706227880704, -1.8556059132877905e-05
51.461, 7.9805298367984516, -1.8288444808735931e-05
51.494, 7.9805878969136392, -1.7984779015859947e-05
51.526, 7.9806457374237754, -1.7688022731091028e-05
51.561, 7.9807051275223708, -1.7373448937000413e-05
51.593, 7.9807625475116648, -1.7063733005398247e-05
51.627, 7.9808197127104359, -1.674811526883103e-05
51.661, 7.9808784037423015, -1.6417483657830873e-05
51.693, 7.9809351449153212, -1.6090742283378274e-05
51.726, 7.9809916293593126, -1.5761176318365616e-05
51.76, 7.981048813031987, -1.5443287947420669e-05
51.793, 7.9811048528807893, -1.5272383957535497e-05
51.827, 7.981160654056751, -1.5080514992966743e-05
51.86, 7.9812171174154534, -1.4787647901020953e-05
51.894, 7.9812724325489137, -1.4598303336666594e-05
51.926, 7.9813275120298535, -1.4416063018842998e-05
51.961, 7.9813840328138435, -1.4181131856510548e-05
51.994, 7.981437909468478, -1.3915258997596066e-05
52.027, 7.9814922614708648, -1.3644558081135839e-05
52.061, 7.9815480854940928, -1.3365989445619826e-05
52.094, 7.9816020463736956, -1.3096134539318486e-05
52.126, 7.9816557562406336, -1.2827166838465634e-05
52.158, 7.9817108842902043, -1.2551016898050663e-05
52.193, 7.9817641660075163, -1.2284328507708381e-05
52.226, 7.981817191999248, -1.2019272982610981e-05
52.26, 7.981871613181089, -1.1747898059512234e-05
52.294, 7.9819242070716738, -1.1486483304463126e-05
52.326, 7.9819765435854171, -1.1227351933630522e-05
52.36, 7.9820302521657558, -1.0962759001097677e-05
52.394, 7.9820821526533461, -1.0708591534343111e-05
52.426, 7.9821337945970647, -1.0457290778833678e-05
52.46, 7.9821867858453412, -1.0201349631814131e-05
52.493, 7.9822379888551902, -9.9560795562583919e-06
52.527, 7.9822889319247494, -9.7141854660721017e-06
52.561, 7.9823412011949726, -9.4684449651715727e-06
52.594, 7.982391701946904, -9.2335367689487923e-06
52.627, 7.9824419339941199, -9.0027550658606519e-06
52.659, 7.9824934574780144, -8.7692323797259052e-06
52.694, 7.9825432251307644, -8.5466852527966846e-06
52.726, 7.9825927264729053, -8.328277648121693e-06
52.761, 7.9826435028203493, -8.10750516921587e-06
52.794, 7.982691886880886, -7.9000173222828503e-06
52.826, 7.9827406616030379, -7.6942691298487858e-06
52.86, 7.9827907230830082, -7.486377100367118e-06
52.894, 7.9828384337557461, -7.2909352554752867e-06
52.927, 7.9828865324435885, -7.0974977440353752e-06
52.961, 7.9829358993726247, -6.9023996727228628e-06
52.992, 7.9829835876581585, -6.7172466155050358e-06
53.026, 7.98303102143222, -6.5363510457795608e-06
53.06, 7.9830796780562885, -6.3543296798830539e-06
53.093, 7.9831266775362977, -6.1819634737689884e-06
53.127, 7.9831734241075631, -6.0139312705920729e-06
53.16, 7.9832213738771207, -5.84522075450684e-06
53.194, 7.9832676888485645, -5.6857965655595567e-06
53.226, 7.9833137528151852, -5.5307061960084257e-06
53.26, 7.9833603504652615, -5.3765722250072098e-06
53.293, 7.9834059805894357, -5.230233369714738e-06
53.326, 7.9834513863978618, -5.0880533227914451e-06
53.36, 7.9834979571750457, -4.9458917207154421e-06
53.394, 7.9835429350279403, -4.8121288431254885e-06
53.426, 7.9835876640531227, -4.6825411779103328e-06
53.46, 7.9836335374020688, -4.5532559337924444e-06
53.494, 7.9836778402175819, -4.4318388494294333e-06
53.526, 7.9837219083999722, -4.3144268584133685e-06
53.56, 7.9837671030085779, -4.1974895665826838e-06
53.593, 7.9838107479094171, -4.0878773481848301e-06
53.626, 7.9838541473479365, -3.982073326993537e-06
53.661, 7.983898652597583, -3.876904985531336e-06
53.693, 7.9839416294871635, -3.7784847647200666e-06
53.726, 7.9839843621663817, -3.683631939147585e-06
53.761, 7.9840281812310714, -3.5894864993829211e-06
53.794, 7.984070493412518, -3.5014958115257021e-06
53.827, 7.9841125657603911, -3.4166515797265049e-06
53.861, 7.9841557113871966, -3.3321920883737712e-06
53.893, 7.9841973778723103, -3.2529828025744909e-06
53.926, 7.9842388109876348, -3.1764603735845791e-06
53.958, 7.9842813017466323, -3.1002932210921229e-06
53.994, 7.9843223354514734, -3.0289037844409036e-06
54.026, 7.9843631384386624, -2.9599833923359455e-06
54.059, 7.9844049815959055, -2.8914280436314522e-06
54.094, 7.9844453864154543, -2.8272957435862463e-06
54.127, 7.9844855606577267, -2.7657876236039306e-06
54.16, 7.9845261883387906, -2.7044646125962384e-06
54.193, 7.9845659681822116, -2.6477578085618163e-06
54.227, 7.9846055454773746, -2.5929137004246103e-06
54.26, 7.9846455687135522, -2.538080413811759e-06
54.294, 7.9846847591957948, -2.487424992463461e-06
54.326, 7.9847237507346627, -2.4382342040230171e-06
54.361, 7.9847637372663378, -2.3891891576258297e-06
54.393, 7.9848023520213349, -2.343063484015752e-06
54.427, 7.9848407494270655, -2.298353632195398e-06
54.461, 7.9848801267713378, -2.2535765819914237e-06
54.493, 7.9849181541955661, -2.2112424272447984e-06
54.527, 7.9849559699916179, -2.1398964660469961e-06
54.56, 7.9849947533801178, -2.0335724498625995e-06
54.594, 7.9850322201886712, -1.938134786346887e-06
54.627, 7.9850694984080155, -1.8589594874679421e-06
54.66, 7.985107204378787, -1.8078873501742738e-06
54.689, 7.985144153388597, -1.6889821680767314e-06
54.727, 7.9851809266378666, -1.5694822706521093e-06
54.761, 7.9852186639225549, -1.4817562335800379e-06
54.793, 7.9852551292979461, -1.4016730442388943e-06
54.827, 7.9852913985191778, -1.3047929165168924e-06
54.861, 7.9853286057058197, -1.1961554300190726e-06
54.894, 7.9853640536891408, -1.120264216873899e-06
54.927, 7.9853998095232344, -1.0108945419032153e-06
54.961, 7.9854365003688592, -9.4970706765725172e-07
54.993, 7.9854719456045444, -8.8690970166095576e-07
55.027, 7.9855071944273224, -8.3642287764244572e-07
55.06, 7.985543345422383, -7.8432018073167446e-07
55.093, 7.9855782561487656, -7.3842700489278936e-07
55.126, 7.9856129695906253, -6.9471596684191009e-07
55.159, 7.9856485725375856, -6.5234311160609939e-07
55.194, 7.9856829625723558, -6.1444605367654181e-07
55.227, 7.9857171627350843, -5.796699753952194e-07
55.26, 7.985752239481327, -5.4858663954985954e-07
55.294, 7.9857861251995796, -5.1766602897141989e-07
55.327, 7.9858198325185414, -4.8461687084032697e-07
55.361, 7.9858544051583316, -4.5447359603370682e-07
55.394, 7.9858877872580791, -4.2941981374426609e-07
55.426, 7.9859209773425412, -3.9873033013830587e-07
55.461, 7.9859549655505804, -3.7329359900817944e-07
55.493, 7.9859582153889832, -6.2870371446495177e-07
55.524, 7.9859612641475675, -6.1643822622012788e-07
55.56, 7.9859644059966879, -6.0216802454176903e-07
55.594, 7.9859674561042011, -5.8833032042168754e-07
55.626, 7.9859705068630422, -5.7450599542075176e-07
55.661, 7.9859736507460992, -5.6027703352649236e-07
55.693, 7.9859767028152095, -5.464806954714032e-07
55.727, 7.9859797555242169, -5.3269851487494131e-07
