
1.5190000000000001, 11.99998209239226, -4.5475518382839571e-08
1.552, 11.999981532560701, -4.6088288817825711e-08
1.585, 11.999980651375216, -4.6465940978009236e-08
1.619, 11.999980430775052, 2.9852004235932609e-07
1.646, 11.999980687981282, 3.284913510578194e-07
1.685, 11.999980688201239, 3.4396259995298446e-07
1.719, 11.999980685020926, 3.6239875937485767e-07
1.752, 11.999443846396225, 5.2952193933224119e-07
1.7850000000000001, 11.997866835831438, 5.3528765518131173e-07
1.819, 11.995151816850342, 4.9894042463185746e-07
1.852, 11.99146544233888, 3.9116049424145511e-07
1.885, 11.986799610700688, 3.6061485008120342e-07
1.9180000000000001, 11.981697189935039, 4.2554558955520139e-07
1.952, 11.976743926823728, 5.0082015081991918e-07
1.985, 11.971789979856547, 5.6400592520927814e-07
2.019, 11.966685869241591, 5.7831636594346913e-07
2.085, 11.956781175156459, 4.2254454175861015e-07
2.085, 11.956781175156459, 4.2254454175861015e-07
2.119, 11.951686869930588, 2.9181111885226994e-09
2.151, 11.946788754229516, 5.6969934781348503e-07
2.185, 11.941867712291655, 8.8671832074638625e-07
2.219, 11.936771608210172, 7.7539526110530788e-07
2.252, 11.931826901201545, 7.2273558384158323e-07
2.285, 11.92688248685986, 7.9391558014936908e-07
2.319, 11.92178756446239, 9.1391860847083322e-07
2.352, 11.9168416504794, 1.0784689995058204e-06
2.385, 11.911894857002283, 1.2787141990998039e-06
2.419, 11.906797239316234, 1.5055507708722072e-06
2.452, 11.901848662307916, 1.7306487398589701e-06
2.484, 11.896899217278676, 1.954330462675407e-06
2.519, 11.891798909491571, 2.2078419820775483e-06
2.552, 11.886847784444292, 2.4429854512795357e-06
2.585, 11.881895860853348, 2.6591987244152294e-06
2.6189999999999998, 11.876793063522069, 2.8663081036821498e-06
2.652, 11.871839586295437, 3.0475603172541046e-06
2.684, 11.866885484439592, 3.203310726094343e-06
2.7190000000000003, 11.861781543290027, 3.3002373810805128e-06
2.752, 11.856828703280279, 3.358149158835304e-06
2.785, 11.851877893767847, 3.2386115309642245e-06
2.8520000000000003, 11.841901034145337, 3.7855955896622118e-06
2.8520000000000003, 11.841901034145337, 3.7855955896622118e-06
2.885, 11.836963106526266, 4.1072620369018321e-06
2.9130000000000003, 11.831868249405384, 3.9253158845240177e-06
2.951, 11.826923700188008, 3.9405606247862807e-06
2.9850000000000003, 11.821979166464443, 4.0664685250135957e-06
3.019, 11.816884021444556, 4.2423571043386104e-06
3.052, 11.811937869558207, 4.4565764090916431e-06
3.085, 11.806990835995814, 4.6996318281748358e-06
3.119, 11.801892971503785, 4.9647284756659087e-06
3.149, 11.79694415613651, 5.220929639023234e-06
3.185, 11.791994477993201, 5.4797511582804802e-06
3.219, 11.786893939253769, 5.7610304540006794e-06
3.251, 11.78194259381883, 6.0170950314028233e-06
3.285, 11.776990458480247, 6.253266811725365e-06
3.319, 11.771887445800182, 6.4786431828280715e-06
3.352, 11.766933780896395, 6.6752126022534261e-06
3.379, 11.761979630761052, 6.8356887461242463e-06
3.419, 11.756875902452734, 6.9404453388727544e-06
3.451, 11.751923436004731, 6.9929392577065373e-06
3.485, 11.746973811117462, 6.8183252813384762e-06
3.519, 11.741898130779276, 6.7401571448932028e-06
3.551, 11.737006955107471, 7.5780530482589569e-06
3.585, 11.732061143481921, 7.7047907047985162e-06
3.6189999999999998, 11.726965885787436, 7.5836646291970303e-06
3.652, 11.722021456066512, 7.6875040269772334e-06
3.685, 11.717076740817618, 7.832843540637298e-06
3.7190000000000003, 11.711981365161067, 8.0264711631135709e-06
3.749, 11.70703497469399, 8.2510919763396079e-06
3.785, 11.702087702028358, 8.4961169525160001e-06
3.819, 11.696989592789039, 8.7544678075344291e-06
3.8520000000000003, 11.692040541309071, 8.9996518863166317e-06
3.885, 11.68709063761386, 9.2688349287146889e-06
3.919, 11.681989879264741, 9.5375680334402974e-06
3.951, 11.677038326734523, 9.7796596508808657e-06
3.9850000000000003, 11.672085992764579, 9.996569879197699e-06
4.019, 11.66698278062483, 1.0201206416400729e-05
4.052, 11.662028947606514, 1.0378725622239874e-05
4.085, 11.657074842328731, 1.051053638734236e-05
4.119, 11.651971365959183, 1.059422669026216e-05
4.152, 11.647019358122652, 1.0593679957845915e-05
4.184, 11.642071786274792, 1.0349609448542882e-05
4.219, 11.637012450414169, 1.0628446200258356e-05
4.251, 11.632106453884438, 1.1178332328212489e-05
4.285, 11.627158244547905, 1.1179646137712014e-05
4.319, 11.62206352881533, 1.12125539124181e-05
4.352, 11.617119137557435, 1.1340837507373663e-05
4.385, 11.612174219898503, 1.1506004445592255e-05
4.4190000000000005, 11.607078610453962, 1.1720414185452882e-05
4.452, 11.60213198261288, 1.196127119296206e-05
4.485, 11.597184472534117, 1.2217741737940512e-05
4.519, 11.592086119415214, 1.2482458209472149e-05
4.552, 11.587136833389621, 1.2740747299939451e-05
4.584, 11.582186705631866, 1.3018515693726072e-05
4.619, 11.577085723817213, 1.32882149572467e-05
4.652, 11.572133958158918, 1.3530413435686883e-05
4.6850000000000005, 11.567181418448707, 1.3755652419106933e-05
4.719, 11.562078006976687, 1.3968249469236622e-05
4.752, 11.557192799099832, 1.412335900731536e-05
4.784, 11.552455702144707, 1.4206003488951098e-05
4.819, 11.547736048827112, 1.4304273277828527e-05
4.852, 11.543305448469559, 1.4274160922883067e-05
4.885, 11.539005195795863, 1.4410710745128666e-05
4.9190000000000005, 11.534706439194382, 1.646611366246231e-05
4.952, 11.530650567739611, 1.599217352422992e-05
4.985, 11.526806441728397, 1.6077435264738608e-05
5.019, 11.522979233924435, 1.5985922098565781e-05
5.052, 11.51939699608123, 1.5908625558963294e-05
5.084, 11.515941138627209, 1.5888189323813382e-05
5.119, 11.512503152376009, 1.5916619209876846e-05
5.152, 11.509279650108606, 1.5954773997615007e-05
5.185, 11.506168753280676, 1.6001292068628158e-05
5.219, 11.503072801954435, 1.6056656003347716e-05
5.252, 11.500167039755928, 1.6127389191790632e-05
5.285, 11.49735308376558, 1.624907187681462e-05
5.319, 11.494533343341272, 1.6443533621428124e-05
5.352, 11.491867235749025, 1.6686520133932431e-05
5.385, 11.489278753375663, 1.6733031410197862e-05
5.4190000000000005, 11.48669849274861, 1.6739680772881037e-05
5.452, 11.484283943593622, 1.6727912905031101e-05
5.485, 11.481961113310366, 1.668984445722657e-05
5.519, 11.479658011486976, 1.6624232676805725e-05
5.548, 11.477507123847861, 1.6534429869542717e-05
5.584, 11.475440389147762, 1.642417486950178e-05
5.619, 11.473393616036176, 1.6292492587732369e-05
5.652, 11.471484460376017, 1.6141674379422402e-05
5.6850000000000005, 11.469652486269229, 1.5979073001474078e-05
5.719, 11.467840932910351, 1.5802227707906891e-05
5.752, 11.466153864784999, 1.5614663976798652e-05
5.785, 11.464537765611423, 1.5425207244795912e-05
5.819, 11.462942748069676, 1.5227828116020332e-05
5.849, 11.461460332179577, 1.503368936239019e-05
5.885, 11.460043328781422, 1.484047904717545e-05
5.9190000000000005, 11.458648065396988, 1.4648087573158283e-05
5.952, 11.457354486896699, 1.4464099095479044e-05
5.985, 11.456121291212147, 1.4269345458315701e-05
6.019, 11.454910611738224, 1.4041684780453492e-05
6.052, 11.453791671524931, 1.3815010899580957e-05
6.084, 11.452728599589578, 1.3582008992475828e-05
6.119, 11.451689025343548, 1.3333280146027074e-05
6.151, 11.450732240131805, 1.3106292750992018e-05
6.185, 11.44982762681056, 1.2967460352113415e-05
6.219, 11.448947455539834, 1.2845328122618303e-05
6.252, 11.448141982960585, 1.2746127974783429e-05
6.285, 11.447384144654901, 1.2673022462509916e-05
6.319, 11.446650731508916, 1.262822049686786e-05
6.352, 11.445982806608621, 1.2615483199247093e-05
6.384, 11.445358355137891, 1.2636396945642758e-05
6.4190000000000005, 11.444758795365157, 1.2695645933190956e-05
6.451, 11.444217862173346, 1.2792777388449888e-05
6.485, 11.443717935943743, 1.29293932732856e-05
6.518, 11.443244559949925, 1.3111419128763939e-05
6.552, 11.442824117086023, 1.3328244472216436e-05
6.585, 11.442442304772005, 1.3583101245854518e-05
6.619, 11.442088580980222, 1.3886810145258539e-05
6.652, 11.441782968719661, 1.421070065721656e-05
6.6850000000000005, 11.441514363999373, 1.4563590733255263e-05
6.719, 11.441275315234281, 1.4952773658459306e-05
6.752, 11.441078989331983, 1.5342272107233135e-05
6.785, 11.440916861328326, 1.5744757299191323e-05
6.819, 11.440785465732668, 1.6162018243488011e-05
6.852, 11.440692079384837, 1.6573049128176948e-05
6.884, 11.440634191662118, 1.707241450820146e-05
6.9190000000000005, 11.440615386891691, 1.7868492349999806e-05
6.952, 11.440517848913348, -5.4637914443444874e-06
6.985, 11.440372897601435, -6.7226767583744026e-05
7.019, 11.440254659093485, -0.0001295397992449538
7.052, 11.440112837366058, -0.00012701305922381773
7.085, 11.439934895608554, -0.00012110116783790433
7.119, 11.439877973541396, -0.00012119226031870016
7.152, 11.439938155052527, -0.00012161910746906631
7.185, 11.440042827163696, -0.0001230621063440007
7.219, 11.440191667032851, -0.00012496326894907738
7.251, 11.44036828253415, -0.00012714150694569169
7.285, 11.440568147604765, -0.00012965311933395274
7.319, 11.440789970260084, -0.00013251120444822217
7.352, 11.44101405211218, -0.00013560624929908938
7.385, 11.441251767941035, -0.00013895980293344301
7.4190000000000005, 11.441519830518873, -0.00014303460462063128
7.446, 11.441809694629168, -0.0001478482972616968
7.485, 11.442123524315882, -0.00015356081201030347
7.519, 11.442502620719104, -0.0001607309030015212
7.552, 11.442927551424141, -0.00016868749701886063
7.585, 11.443387615508586, -0.00017680152987345623
7.619, 11.443875621582981, -0.00018538291725291191
7.6850000000000005, 11.444897868815152, -0.0002041399169643795
7.6850000000000005, 11.444897868815152, -0.0002041399169643795
7.719, 11.445460804849104, -0.00021489328812840033
7.752, 11.446045671835412, -0.00022624093877973472
7.785, 11.446687864275349, -0.00023846522885159305
7.819, 11.447387343896176, -0.0002511557474568735
7.852, 11.448074906992408, -0.00026286558575102856
7.884, 11.448757286565698, -0.00027357485536592713
7.918, 11.449456185232833, -0.00028354373360548759
7.9510000000000005, 11.450153424092145, -0.00029244695289349639
7.984, 11.450880999224426, -0.00030066268202145005
8.019, 11.451672916054902, -0.00030865287099159739
8.052, 11.45247317011883, -0.00031609801739294137
8.084, 11.453278415365657, -0.00032284192713351193
8.119, 11.454126181392795, -0.00032933268542133118
8.152, 11.454962031618017, -0.0003351053429170025
8.185, 11.455809461332825, -0.00034035650415266568
8.219, 11.456697020861791, -0.0003452478439497267
8.251, 11.457571066691354, -0.00034949564148933671
8.284, 11.458456376179331, -0.00035325584585698034
8.319, 11.45938240111971, -0.00035663325512320525
8.352, 11.460293444056541, -0.00035943468107381497
8.383, 11.461215664219933, -0.00036177323880275515
8.419, 11.462179443418298, -0.00036371522641478706
8.452, 11.46312667975946, -0.00036515513904256222
8.485, 11.464084548527719, -0.00036616862145526138
8.519, 11.46508454697663, -0.00036678194255393643
8.552, 11.466066438274993, -0.00036697153818194986
8.584, 11.467058438677007, -0.00036677589438003874
8.619, 11.468093135299648, -0.00036618570360269189
8.652, 11.469108279482242, -0.00036525163880517898
8.685, 11.470133122491879, -0.00036397782561863713
8.719, 11.471201273377334, -0.00036232291276773736
8.752, 11.472248452955688, -0.00036040261343469026
8.785, 11.473304793417165, -0.00035819098540786087
8.819, 11.474404909854819, -0.00035562018907332716
8.851, 11.475482644671654, -0.00035286072618055274
8.884, 11.476569041288595, -0.00034985991660576189
8.919, 11.47769966347418, -0.0003465258436609758
8.952, 11.478806548200792, -0.00034307412199882989
8.985, 11.479921613032472, -0.00033942874972802371
9.019, 11.481033334825312, -0.00033564297797890813
9.052, 11.482167066294327, -0.00033159091764220814
9.085, 11.483311045443276, -0.00032737119692554815
9.119, 11.484500127128385, -0.00032285534853020295
9.152, 11.485662723692242, -0.00031866386705386594
9.185, 11.486832439096601, -0.00031429398387206015
9.219, 11.488047549584822, -0.00030956181455990572
9.251, 11.489235089149984, -0.00030488465026005062
9.285, 11.490429379278753, -0.00030014280484635947
9.319, 11.491620020008259, -0.00029538864552841344
9.352, 11.492830341766526, -0.00029053113926652763
9.385, 11.494049502872281, -0.00028563735599585854
9.419, 11.49531463958983, -0.00028057003090134665
9.452, 11.496549585197515, -0.00027564468885281552
9.485, 11.497790234804985, -0.00027072795560296645
9.519, 11.499076593838954, -0.00026567264160823719
9.552, 11.500331425705891, -0.00026079170112008323
9.585, 11.501591425401484, -0.00025594978228073232
9.619, 11.502897797149348, -0.00025100136381168568
9.652, 11.504172329257127, -0.00024625243057771609
9.684, 11.505451983689488, -0.00024157047022918353
9.719, 11.506778422283306, -0.00023681572900258424
9.752, 11.508072134516416, -0.00023228041281386436
9.785, 11.509370642437704, -0.00022783702365893844
9.819, 11.510716166618906, -0.00022335252182094668
9.851, 11.512028019298871, -0.00021910209501340162
9.884, 11.513344225634883, -0.00021496269092119444
9.919, 11.514707510282722, -0.00021081069424091207
9.952, 11.516036101987867, -0.0002069000473371706
9.985, 11.517368502840119, -0.00020311592208077059
10.019, 11.518747875857608, -0.0001993445232503277
10.052, 11.520091464145388, -0.00019581654636322172
10.085, 11.521438191726739, -0.00019242699378220436
10.115, 11.522831656622829, -0.00018907659592203155
10.152, 11.524188286935496, -0.00018597008738876475
10.185, 11.525547409742822, -0.00018301347163848358
10.219, 11.526952968080041, -0.00018012133860994942
10.251, 11.528320681161016, -0.00017747013856386198
10.284, 11.529690182253406, -0.00017498642109803084
10.318, 11.531105642788082, -0.00017259916082207799
10.351, 11.532482138038096, -0.00017044635259723059
10.385, 11.533859642880094, -0.0001684541647353894
10.419, 11.535282741672235, -0.00016656358882768921
10.451, 11.536665588117106, -0.00016488342412540933
10.484, 11.538048738868234, -0.00016324875171643702
10.519, 11.539473350065965, -0.000161699613104758
10.552, 11.540851638322501, -0.00016048522511357858
10.585, 11.542225692509215, -0.000159720719687832
10.619, 11.543660675871177, -0.00015925183428900326
10.652, 11.545048969742176, -0.00015889823646522626
10.685, 11.546438517955542, -0.00015862821249245043
10.719, 11.547870959866879, -0.00015846661718507159
10.752, 11.549259232255231, -0.00015843332640989472
10.785, 11.550642594192873, -0.00015795020068866061
10.819, 11.552068395329965, -0.00015733842218277355
10.852, 11.553447453199155, -0.00015729091690873045
10.885, 11.554810069537869, -0.00015687568172794832
10.919, 11.556232928710484, -0.00015641527708144457
10.952, 11.557621471927456, -0.00015587010351127679
10.985, 11.559011936851588, -0.00015536504235163148
11.019, 11.560444592133532, -0.00015489858439492112
11.052, 11.561834062252547, -0.0001545063944595717
11.085, 11.563221195973046, -0.00015418158490440752
11.119, 11.564650640419391, -0.00015390197397168796
11.152, 11.566037008938462, -0.00015366903075802733
11.184, 11.567420767724975, -0.00015346821602211862
11.219, 11.568846500042676, -0.00015328804091805834
11.252, 11.570229008739298, -0.00015313413267142227
11.285, 11.571608691768191, -0.00015299658365889568
11.319, 11.573030096345715, -0.00015286647917903072
11.352, 11.574408289794453, -0.00015274915714390416
11.385, 11.575783534024149, -0.00015263888898246322
11.419, 11.577200115527342, -0.00015253053839582909
11.452, 11.578573380003183, -0.00015242971588609616
11.484, 11.579943454619162, -0.00015233224755576647
11.518, 11.581354453568309, -0.00015223329003250964
11.552, 11.582722063993691, -0.00015213866255684851
11.585, 11.584086249551584, -0.00015204271495055093
11.619, 11.585490919701414, -0.00015194167492853174
11.652, 11.586852144155806, -0.00015184181710264165
11.685, 11.588209693683755, -0.00015173800047953262
11.719, 11.58956268919415, -0.00015163436603850318
11.751, 11.590916268708794, -0.00015151093035560185
11.785, 11.592267820453371, -0.00015139680608914233
11.819, 11.593658892127252, -0.00015127459376867958
11.852, 11.595006255417664, -0.00015114969191393454
11.885, 11.596349215053163, -0.00015102066925487523
11.919, 11.59773076600394, -0.00015087753986318128
11.951, 11.59906888097743, -0.00015073710678521106
11.985, 11.600402676288173, -0.00015059056850052829
12.019, 11.601774881664307, -0.00015043612645945252
12.052, 11.603103676556973, -0.00015028393151038562
12.085, 11.604427939936814, -0.00015012835925171217
12.119, 11.605790247752754, -0.00014996358991282481
12.152, 11.607109278514621, -0.00014980036175165569
12.184, 11.608423662628281, -0.00014963483431970756
12.219, 11.609775665100473, -0.00014946092299263501
12.252, 11.611084592656939, -0.00014928988622065484
12.285, 11.612388792072588, -0.00014911495738802511
12.319, 11.613730203345844, -0.00014893129871110467
12.352, 11.615028774478123, -0.00014875119340609385
12.385, 11.616322556356494, -0.00014856891658841597
12.418, 11.617653147912518, -0.00014837875664538598
12.452, 11.618941130405632, -0.0001481957790003454
12.485, 11.620224244682824, -0.00014801283186680614
12.519, 11.62154373264946, -0.00014782457154567896
12.552, 11.622820812934018, -0.00014764840144957457
12.585, 11.624092886058419, -0.0001474762302960625
12.618, 11.625400827896621, -0.00014730138672673342
12.652, 11.626666593388867, -0.00014713518442303802
12.685, 11.627927286216755, -0.00014697226764042235
12.719, 11.629223416891762, -0.00014680768430456827
12.752, 11.630477650211105, -0.00014665320557454386
12.784, 11.631726755338647, -0.00014650410463630566
12.819, 11.63301095046522, -0.00014635237813076586
12.852, 11.634253467136791, -0.00014620980100788985
12.885, 11.635490654983052, -0.00014606301243916934
12.919, 11.636762225560631, -0.0001459054278273312
12.952, 11.637992313250896, -0.00014575149041290772
12.985, 11.639216983536453, -0.00014560048094604269
13.019, 11.640475505519033, -0.00014545344514601459
13.052, 11.641692781249679, -0.00014530994195461775
13.084, 11.642904132949546, -0.00014508543383025128
13.119, 11.644146547080387, -0.00014481178974922593
13.151, 11.645341145800497, -0.00014468769940387963
13.185, 11.646537939676975, -0.00014454389803861904
13.219, 11.647770021025154, -0.00014454977670899823
13.252, 11.648962131676127, -0.00014453678045642777
13.285, 11.65014895610482, -0.00014453304308433606
13.314, 11.651368737867434, -0.00014452198567554221
13.352, 11.652552374606104, -0.00014439031528775754
13.384, 11.653725596072059, -0.00014434460167574742
13.419, 11.654931562135273, -0.00014415478404592363
13.452, 11.656097367334704, -0.00014415281996237663
13.485, 11.657254312991276, -0.00014426834309078307
13.519, 11.658436954715958, -0.00014405345707264283
13.551, 11.659590479200791, -0.00014360920359925006
13.585, 11.660739720136522, -0.00014327410055130598
13.619, 11.661919420678956, -0.00014305409774362845
13.651, 11.663060753499234, -0.00014276231092645334
13.685, 11.664196923096664, -0.00014243001602585225
13.719, 11.665364585380026, -0.00014208988487802299
13.752, 11.666494028222568, -0.00014175822753741815
13.785, 11.66761843110034, -0.00014140705221695127
13.819, 11.668773929842398, -0.00014101437736567448
13.852, 11.66989172877706, -0.00014059754118114635
13.885, 11.671004608017356, -0.00014015409397138937
13.919, 11.67214835882025, -0.00013965301445989807
13.951, 11.673254798777437, -0.00013913664694580006
13.985, 11.674356413246551, -0.00013858336628776326
14.019, 11.67548864563506, -0.00013797119142383351
14.052, 11.676584043291896, -0.00013733068819333041
14.084, 11.677674794271786, -0.00013665631092025124
14.119, 11.678795979389241, -0.00013592489541308609
14.152, 11.679880730262459, -0.0001351853034974435
14.185, 11.680960887534491, -0.00013441906850922741
14.219, 11.682071180523733, -0.00013360654181035169
14.252, 11.683145391532989, -0.00013279487919788817
14.285, 11.684215047151643, -0.00013196871238816543
14.319, 11.685314535006938, -0.00013112242626595947
14.352, 11.686378271408723, -0.00013031787755538081
14.385, 11.687437468989161, -0.00012951049781562054
14.419, 11.688526186101623, -0.00012866906092660991
14.452, 11.689579491761991, -0.00012784329012211632
14.485, 11.690628293978643, -0.00012701011444267945
14.519, 11.691706307117752, -0.00012614216856418124
14.552, 11.692749219908833, -0.00012529125093492516
14.585, 11.693787615928239, -0.00012443276489750932
14.619, 11.694854875175086, -0.00012351980188349067
14.652, 11.695887354444034, -0.00012260396809299839
14.685, 11.696915353545132, -0.00012168164793779039
14.719, 11.697971912991013, -0.00012072499449255824
14.752, 11.698994014115669, -0.00011979314780424723
14.784, 11.700011649659549, -0.00011886106064460942
14.819, 11.701057521398305, -0.00011790084628991363
14.852, 11.702069258375156, -0.0001169710269994051
14.885, 11.703076549966541, -0.00011604630711706344
14.919, 11.704111762999347, -0.00011509916880358781
14.952, 11.705113153630393, -0.00011418811006381078
14.985, 11.706110102682239, -0.00011328738666203999
15.018, 11.707134646211083, -0.00011236982158559777
15.052, 11.708125689868501, -0.00011149150120466556
15.085, 11.709112314143173, -0.00011062738212649146
15.119, 11.710126166942754, -0.00010975147659317149
15.152, 11.711106750562719, -0.0001089172627462864
15.185, 11.712082917822277, -0.00010810047944404273
15.219, 11.713085915520766, -0.00010727643568592173
15.252, 11.714055991239606, -0.00010649533053006862
15.285, 11.715021431587655, -0.00010573326160856947
15.319, 11.716013419525842, -0.00010496877640758663
15.352, 11.716972897999646, -0.00010424778356722389
15.385, 11.717928080071886, -0.00010354888730649218
15.419, 11.718909662920403, -0.0001028513860725713
15.452, 11.719859115052737, -0.00010219768978210224
15.485, 11.720804308001012, -0.00010156821194028836
15.518, 11.721775616907303, -0.00010094395834371139
15.552, 11.722715118958741, -0.00010036251148436189
15.585, 11.72365039582114, -9.9806714652541449e-05
15.619, 11.724611514766336, -9.9259701636845391e-05
15.652, 11.725541158666095, -9.8753946634364586e-05
15.684, 11.726466597574712, -9.8273928425226021e-05
15.719, 11.727417565243119, -9.7806075737306026e-05
15.752, 11.728337355868415, -9.7378893149590069e-05
15.785, 11.729252973770294, -9.6979408716725457e-05
15.819, 11.73019383856038, -9.6596501555550613e-05
15.852, 11.731103850155931, -9.6253688041003757e-05
15.885, 11.732009717539942, -9.5940235054172422e-05
15.919, 11.732940544725055, -9.564792195371571e-05
15.952, 11.733840821057839, -9.5394754008664318e-05
15.985, 11.73473697660169, -9.5172501499439459e-05
16.019, 11.735657805019017, -9.4976198940917878e-05
16.051, 11.736548378008242, -9.4819351149992291e-05
16.085, 11.73743483745057, -9.4700219249948164e-05
16.119, 11.738345600680477, -9.4614604441231183e-05
16.151, 11.739226339627322, -9.4563902458705431e-05
16.185, 11.740102868311935, -9.4543493840404773e-05
16.219, 11.741003293608118, -9.4552839209075752e-05
16.252, 11.741873869044479, -9.4589569401948089e-05
16.284, 11.742740202349415, -9.4653017333919432e-05
16.319, 11.743630678909476, -9.4746935655255088e-05
16.351, 11.744491353604985, -9.4851545825161535e-05
16.384, 11.745348244255563, -9.4884984130549143e-05
16.418, 11.746226995253911, -9.4947606854053131e-05
16.452, 11.74707528433073, -9.5064889689445485e-05
16.485, 11.747915419702622, -9.5240408016962776e-05
16.519, 11.74877258050317, -9.5609014407529978e-05
16.552, 11.749611849158974, -9.59752093060538e-05
16.585, 11.750449663940294, -9.6525078543845542e-05
16.619, 11.751310498690069, -9.7081268349978416e-05
16.652, 11.752142591503855, -9.7639054875050567e-05
16.685, 11.752970544818874, -9.8183415372265248e-05
16.719, 11.753821321348632, -9.8724215851389766e-05
16.752, 11.754643960195372, -9.9236754998555763e-05
16.785, 11.755462775979314, -9.9739567026522065e-05
16.819, 11.756304298359479, -0.00010018882888320153
16.852, 11.757118067871508, -0.00010053372461333829
16.884, 11.757928188250949, -0.00010089489486052647
16.919, 11.758760804863819, -0.00010131362031850846
16.951, 11.759565594676365, -0.00010184307194350349
16.985, 11.760362718655594, -0.00010251537641501002
17.019, 11.761170792266666, -0.00010302581032045497
17.052, 11.761955534685999, -0.00010302300385217684
17.084, 11.762749899861646, -0.0001033975362485756
17.118, 11.763565736352199, -0.00010365267642264675
17.152, 11.764354553392337, -0.00010385500940212257
17.185, 11.765139281073118, -0.00010408695788930372
17.219, 11.76594493212168, -0.00010436187004364616
17.251, 11.766724319038305, -0.00010460935851661062
17.285, 11.767500120172754, -0.00010482916373794002
17.319, 11.768297210593042, -0.00010505562399173558
17.351, 11.769068152888355, -0.00010527163654389266
17.385, 11.769835562694405, -0.00010548607102011722
17.419, 11.770624070991349, -0.00010570160237588997
17.452, 11.771386702761122, -0.00010588075379046739
17.484, 11.772145681419293, -0.0001060429416631506
17.519, 11.772925373221737, -0.00010618960448136145
17.552, 11.77367957286015, -0.00010630870836976736
17.585, 11.774430419250672, -0.0001064053231652816
17.619, 11.775202059527066, -0.00010647699880023748
17.651, 11.77594848742109, -0.00010652334999551975
17.685, 11.776691611453218, -0.00010654369764355928
17.719, 11.777455328185132, -0.0001065360413921638
17.752, 11.778194104737837, -0.00010650243253964396
17.784, 11.778929644330164, -0.00010644080464543816
17.819, 11.779685637090212, -0.00010634334862368554
17.852, 11.780417026185493, -0.00010622097287436147
17.885, 11.781145278373426, -0.00010607247114159153
17.919, 11.781893813033358, -0.00010589274750797871
17.952, 11.782617991657913, -0.00010569390993996687
17.985, 11.783339071532428, -0.00010547194549405227
18.019, 11.784080239201568, -0.00010521973981654957
18.052, 11.784797278127872, -0.00010495404745429737
18.112, 11.786244951646569, -0.00010435482060004481
18.112, 11.786244951646569, -0.00010435482060004481
18.152, 11.786957214807776, -0.00010403498036233251
18.185, 11.787663908062655, -0.00010369234352996437
18.219, 11.788390110088061, -0.00010332787975346774
18.252, 11.789092622207402, -0.00010295931081124805
18.284, 11.789792078999119, -0.00010257869483081346
18.319, 11.790510971351786, -0.00010217539784821474
18.351, 11.791206436543238, -0.00010177183507254949
18.385, 11.791898889937185, -0.00010136007235343426
18.419, 11.792610606730657, -0.00010092740979300535
18.451, 11.793299148238789, -0.00010049926268116405
18.484, 11.793984727766277, -0.00010006504175612086
18.519, 11.794689389560856, -9.9612962410421357e-05
18.552, 11.795371116554337, -9.9167190127374247e-05
18.585, 11.796049922580215, -9.8727312030605528e-05
18.619, 11.796747634297022, -9.828232071089418e-05
18.652, 11.797422645739884, -9.7848370717942525e-05
18.685, 11.798094770341164, -9.741258108281901e-05
18.718, 11.798785619634154, -9.6960860237115638e-05
18.751, 11.799453998144179, -9.6520090281616321e-05
18.784, 11.80011952365669, -9.6077552258667069e-05
18.819, 11.800803595130404, -9.5618960282795777e-05
18.852, 11.801465420554351, -9.5171742278525863e-05
18.885, 11.802124426084974, -9.4723004291819891e-05
18.918, 11.802801801863946, -9.4258264478649706e-05
18.952, 11.803457155411234, -9.3805292796561736e-05
18.985, 11.804109722525961, -9.3350983772409542e-05
19.019, 11.804780486480443, -9.2880636671780406e-05
19.052, 11.80542944885134, -9.2422360914884557e-05
19.085, 11.806075652390559, -9.1962916335567671e-05
19.119, 11.806739881227198, -9.1487344391812933e-05
19.152, 11.807382527024997, -9.1024051741271791e-05
19.185, 11.808022452011873, -9.0559700639236934e-05
19.219, 11.808680239325069, -9.0079007725747724e-05
19.252, 11.809316666817645, -8.9611453687164192e-05
19.285, 11.809950409873739, -8.9144642420349555e-05
19.319, 11.810601847533357, -8.8651418195969243e-05
19.352, 11.811232133447319, -8.8161655150907197e-05
19.385, 11.811859764834884, -8.7669685109770799e-05
19.419, 11.812504919612969, -8.716110702660084e-05
19.452, 11.81312912223874, -8.6667034660380145e-05
19.484, 11.81375068888928, -8.6173814993648269e-05
19.519, 11.8143896005498, -8.5666244834534092e-05
19.552, 11.815007748038315, -8.5175240700846296e-05
19.585, 11.815623268853491, -8.4686965899308028e-05
19.619, 11.816255948755673, -8.4186327935699385e-05
19.648, 11.816868055699965, -8.3703711624070443e-05
19.684, 11.817477550858287, -8.3225473252852858e-05
19.719, 11.818104022240824, -8.2736220617160718e-05
19.752, 11.818710104103676, -8.2266187848302371e-05
19.784, 11.819313575873304, -8.1802057280286187e-05
19.819, 11.819933833531413, -8.132931570146369e-05
19.851, 11.820533887106595, -8.0876497589732834e-05
19.885, 11.82113133906094, -8.043046785941591e-05
19.919, 11.821745391891413, -7.9977506737041173e-05
19.952, 11.822339426472819, -7.9544962255893032e-05
19.984, 11.822930872338157, -7.9120138465256813e-05
20.019, 11.823538735590606, -7.8689862825370171e-05
20.049, 11.824126758024999, -7.8280016588543543e-05
20.085, 11.824712156516613, -7.7878519620479608e-05
20.119, 11.825313620440847, -7.7472946110411552e-05
20.152, 11.825895368393768, -7.708741505781333e-05
20.185, 11.826474571303049, -7.6710581259769743e-05
20.219, 11.827069764374842, -7.6330530370873463e-05
20.252, 11.827645479655279, -7.5969877403025198e-05
20.285, 11.828218588667514, -7.5617749469439842e-05
20.319, 11.828807495828082, -7.5262864558840167e-05
20.351, 11.829376881742174, -7.4926427562646238e-05
20.384, 11.829943393539988, -7.4598394044424768e-05
20.419, 11.830525521856549, -7.4268724994226289e-05
20.452, 11.831088550311323, -7.3957328154627221e-05
20.484, 11.831648987941799, -7.3655207063982766e-05
20.519, 11.832224827424577, -7.3353238267420023e-05
20.551, 11.832781717682291, -7.3069841307088097e-05
20.584, 11.833336012918984, -7.2796643447153766e-05
20.619, 11.833905524730824, -7.2525485644296764e-05
20.652, 11.834456304215447, -7.2272856607751422e-05
20.685, 11.835004531059443, -7.2031094881975176e-05
20.719, 11.83556782461006, -7.1793029294612155e-05
20.752, 11.836112607568712, -7.1573069331972998e-05
20.785, 11.836654883004099, -7.1364432426008023e-05
20.819, 11.837212080060297, -7.1160969572817896e-05
20.852, 11.83775098198209, -7.0974968465027969e-05
20.885, 11.838287417782498, -7.0800589362801102e-05
20.918, 11.838838628433276, -7.0632798046702517e-05
20.952, 11.839371742577791, -7.0482099575265372e-05
20.984, 11.839902413623266, -7.0343383067102087e-05
21.019, 11.840447698066656, -7.0214486153343496e-05
21.052, 11.840975082596668, -7.0103431859685046e-05
21.085, 11.841500032403554, -7.0005601323574462e-05
21.119, 11.842039404946027, -6.9916519526239384e-05
21.152, 11.842561053856373, -6.9841165854148094e-05
21.185, 11.843080293528097, -6.9776148850900536e-05
21.219, 11.843613794902197, -6.9719241140464111e-05
21.252, 11.844129763143584, -6.9673263877188934e-05
21.285, 11.844643339452404, -6.9635867327605603e-05
21.319, 11.845171051983646, -6.9606042349522215e-05
21.352, 11.845681402160949, -6.9584542767918192e-05
21.385, 11.8461894495119, -6.9570334138877523e-05
21.419, 11.84671162144461, -6.9562882922547529e-05
21.452, 11.847216533629068, -6.9560608513687455e-05
21.485, 11.847719217559957, -6.9563342963900685e-05
21.519, 11.848235642660207, -6.9532384747598172e-05
21.552, 11.848735351006193, -6.9486038550082429e-05
21.585, 11.849232375340833, -6.9436476185900258e-05
21.619, 11.849742216880195, -6.9397310321158377e-05
21.652, 11.850234610135004, -6.9375250905833686e-05
21.685, 11.85072266639196, -6.9366462275536901e-05
21.719, 11.851218136289907, -6.9377142037187089e-05
21.752, 11.851689985127877, -6.9518119261868834e-05
21.785, 11.852161262403383, -6.9777516274635286e-05
21.819, 11.85265786990616, -6.9998408293665292e-05
21.852, 11.853141618012671, -7.0294357677622385e-05
21.885, 11.853623201966345, -7.0610203988019445e-05
21.919, 11.854118183284719, -7.0926729471675954e-05
21.95, 11.854596712427389, -7.1268335531886383e-05
21.985, 11.85507318439671, -7.1597727445857213e-05
22.019, 11.855562970467279, -7.1934408063952765e-05
22.052, 11.856036530915862, -7.2292118026799724e-05
22.084, 11.856509416226933, -7.2746985999474109e-05
22.119, 11.856995283554848, -7.3153547578178827e-05
22.152, 11.857465231498256, -7.3542867147955378e-05
22.185, 11.857933129051304, -7.3924869869074292e-05
22.219, 11.85841410671798, -7.4246023506938495e-05
22.252, 11.858879277164309, -7.4516321084309127e-05
22.285, 11.859342496868063, -7.4771115169487831e-05
22.319, 11.859818536216327, -7.4991290273422324e-05
22.352, 11.860279181730572, -7.5235474798506115e-05
22.384, 11.860737731262228, -7.5449740632883163e-05
22.419, 11.86120888790804, -7.5658859264911583e-05
22.452, 11.861665076145785, -7.5846682228499014e-05
22.485, 11.862119256282627, -7.6025245021356711e-05
22.519, 11.862584810857083, -7.6240879525295451e-05
22.546, 11.863033595030947, -7.6463766531957201e-05
22.585, 11.863478218363868, -7.6696718695876533e-05
22.619, 11.863928155439122, -7.6810936972223162e-05
22.652, 11.864357684146407, -7.6788911366395027e-05
22.684, 11.864790411160174, -7.6568134569603971e-05
22.719, 11.865250070446052, -7.6302349054704441e-05
22.752, 11.86569522634554, -7.6112831342759409e-05
22.785, 11.866138207715844, -7.5926125259691255e-05
22.819, 11.86659176323041, -7.5898739515350619e-05
22.852, 11.867029469947196, -7.5644634411848585e-05
22.885, 11.867466313977429, -7.5513782393313731e-05
22.919, 11.867914792236157, -7.5240963480852397e-05
22.952, 11.86834868148364, -7.5075925241787532e-05
22.985, 11.868781037906677, -7.4841388856887659e-05
23.019, 11.869225296388411, -7.4582049990164513e-05
23.051, 11.869655061002742, -7.4338318459989952e-05
23.084, 11.870083069978429, -7.4085358681700626e-05
23.119, 11.870523101000463, -7.3810850040974119e-05
23.152, 11.870948809966549, -7.3530760267878555e-05
23.185, 11.871372717248729, -7.3240024377207159e-05
23.219, 11.87180847686917, -7.2939857536379106e-05
23.252, 11.872230049411447, -7.2638226980963855e-05
23.283, 11.872649825533713, -7.2334101992681447e-05
23.319, 11.873081284097569, -7.2021357919211054e-05
23.351, 11.873498694218753, -7.1703084514476053e-05
23.385, 11.87391431705159, -7.137698560431812e-05
23.419, 11.874341487786285, -7.1036561597095666e-05
23.452, 11.874754753090526, -7.0693393652783326e-05
23.485, 11.875166230364746, -7.0344894423490285e-05
23.519, 11.875589127956271, -6.9978538290534786e-05
23.551, 11.875998231853835, -6.9614160692485646e-05
23.579, 11.876405499536077, -6.9244750621428881e-05
23.619, 11.876825065986143, -6.8859265594224727e-05
23.652, 11.87722977724713, -6.8473410104141381e-05
23.685, 11.877632503171098, -6.8083396190259953e-05
23.719, 11.878046220765034, -6.7675293036420465e-05
23.752, 11.878446270829667, -6.7275334728778517e-05
23.784, 11.878844413787226, -6.6870783576585278e-05
23.819, 11.879253457599201, -6.6447977232252878e-05
23.852, 11.879649025829378, -6.6033332571469207e-05
23.885, 11.880042745956993, -6.5614447491172792e-05
23.919, 11.88044728353101, -6.5178329207123725e-05
23.951, 11.880838522799472, -6.4749117299719823e-05
23.985, 11.881227954332696, -6.4316522576768031e-05
24.018, 11.881628048691445, -6.3867744194846362e-05
24.052, 11.882014859205746, -6.3426683356672517e-05
24.084, 11.882399702952245, -6.298396559290788e-05
24.119, 11.882795148800149, -6.2526411694141456e-05
24.151, 11.883177705450292, -6.2068354322960718e-05
24.185, 11.883558583939186, -6.161096877646614e-05
24.219, 11.88395004051157, -6.1138101592518492e-05
24.252, 11.884328723772894, -6.0675242199745608e-05
24.285, 11.884705744761636, -6.0224716013914993e-05
24.319, 11.885093220117557, -5.9764687499335509e-05
24.351, 11.88546804225493, -5.9318088995062754e-05
24.385, 11.885841208672144, -5.8865413124884677e-05
24.419, 11.886224540623827, -5.8401366616689493e-05
24.451, 11.886594981529019, -5.7957505246146422e-05
24.485, 11.886963582820158, -5.751941716944101e-05
24.519, 11.887342452144752, -5.7069885363196038e-05
24.552, 11.887709003414646, -5.663351986855574e-05
24.585, 11.888074001121165, -5.6197766046686741e-05
24.619, 11.888449185358102, -5.5748588940819258e-05
24.652, 11.888812184703681, -5.5312594191731735e-05
24.685, 11.889173671526921, -5.4881161048933973e-05
24.719, 11.889545271707361, -5.4435235423062375e-05
24.752, 11.889904822235046, -5.4001830248915238e-05
24.785, 11.890262880545473, -5.354309465105268e-05
24.819, 11.890630965028048, -5.306072104563166e-05
24.852, 11.890987120918853, -5.2594981084761891e-05
24.884, 11.891341798980486, -5.2131863203062875e-05
24.919, 11.89170640332831, -5.1655190931767812e-05
24.952, 11.89205918868843, -5.1193608012875869e-05
24.985, 11.892410506863371, -5.0734070029172246e-05
25.019, 11.892771655198796, -5.0262349112558341e-05
25.052, 11.893121096091637, -4.9807007396348649e-05
25.085, 11.893469085011711, -4.9354976451886635e-05
25.119, 11.893826811574506, -4.8892262114403105e-05
25.152, 11.894172941003955, -4.8446715778797382e-05
25.185, 11.894517632168853, -4.8005323888853954e-05
25.218, 11.894871969266347, -4.755442438537546e-05
25.252, 11.895214820658408, -4.7121266288116644e-05
25.285, 11.895556248631745, -4.669309895798829e-05
25.319, 11.895907232767094, -4.6256744977599723e-05
25.352, 11.896246842454593, -4.5838316776918713e-05
25.385, 11.89658504434507, -4.5425725010080793e-05
25.419, 11.896932718107932, -4.5005550744171588e-05
25.452, 11.897269130725803, -4.4603996382443037e-05
25.485, 11.897604154542201, -4.420878961318676e-05
25.519, 11.897948564536376, -4.3807167250093226e-05
25.551, 11.898281820515471, -4.3423426518359206e-05
25.585, 11.898613702460015, -4.3046228240314426e-05
25.619, 11.898954883544594, -4.2663826064223123e-05
25.652, 11.899285016876465, -4.2299241463747512e-05
25.685, 11.899613792006759, -4.1941443436935985e-05
25.719, 11.899951783389048, -4.1579259069263847e-05
25.752, 11.900278829603451, -4.1234361664611147e-05
25.785, 11.900604526979061, -4.0896372627813597e-05
25.819, 11.900939349913834, -4.0554755954133897e-05
25.852, 11.901263330476811, -4.0229893436005134e-05
25.885, 11.901585976274365, -3.9911967965373279e-05
25.919, 11.901917666689839, -3.9591067920330514e-05
25.951, 11.902238620478949, -3.9286315032994872e-05
25.985, 11.902558255934284, -3.8988449364748645e-05
26.019, 11.90288685262396, -3.8688173726519322e-05
26.052, 11.90320481366898, -3.8403343632559966e-05
26.085, 11.90352146955639, -3.8125268475245153e-05
26.118, 11.903847006886377, -3.7845266578406025e-05
26.152, 11.904162008636662, -3.7579962106077194e-05
26.184, 11.904475718011005, -3.7321224729250892e-05
26.219, 11.904798223906868, -3.7060972698493556e-05
26.252, 11.905110290200588, -3.6814623935279619e-05
26.285, 11.905421076258499, -3.6574348748201859e-05
26.319, 11.905740574695075, -3.6332942207674597e-05
26.351, 11.906049735813383, -3.610417450812026e-05
26.385, 11.906357631787177, -3.5880972592806858e-05
26.419, 11.906674163607615, -3.5656441516108964e-05
26.452, 11.90698045123621, -3.5444145717206559e-05
26.485, 11.907285481767296, -3.523765039342945e-05
26.519, 11.907599065309455, -3.5030481981038944e-05
26.552, 11.907902499962333, -3.4834915718415922e-05
26.585, 11.908204687512205, -3.4644865461182384e-05
26.618, 11.908515349667722, -3.4454272584725563e-05
26.652, 11.908815959061627, -3.4274393878082118e-05
26.685, 11.909115336871345, -3.4099604207020516e-05
26.719, 11.909423110287612, -3.3924284175364768e-05
26.751, 11.909720925104432, -3.3759002460477819e-05
26.785, 11.91001751844794, -3.3598674829554757e-05
26.819, 11.910322427925943, -3.3437891325176947e-05
26.852, 11.910617470137568, -3.3286280173662542e-05
26.884, 11.910911302844834, -3.3138958278294966e-05
26.919, 11.911213378477663, -3.2991346484687773e-05
26.952, 11.911505681465206, -3.2852060466830886e-05
26.985, 11.911796788768385, -3.2716671490110304e-05
27.019, 11.91209606225897, -3.2580895169826418e-05
27.051, 11.91238565337682, -3.2452662257285165e-05
27.084, 11.912674059376162, -3.2327911756888133e-05
27.119, 11.912970554565391, -3.2202686666694121e-05
27.152, 11.913257456237771, -3.2084276844727901e-05
27.213, 11.913836921999984, -3.1852923959113218e-05
27.213, 11.913836921999984, -3.1852923959113218e-05
27.252, 11.914122070008061, -3.1742544543059945e-05
27.285, 11.914405144736708, -3.163556145261425e-05
27.319, 11.914696118475236, -3.1527666619706848e-05
27.352, 11.914977673713107, -3.1425214510669154e-05
27.385, 11.915258072369049, -3.1324964601903947e-05
27.419, 11.91554632922171, -3.1223685581132923e-05
27.452, 11.915825250497255, -3.1127265742914824e-05
27.485, 11.916103017063659, -3.1032664712994422e-05
27.518, 11.916388555652572, -3.0936824717240405e-05
27.552, 11.916664832617679, -3.0845320386867298e-05
27.585, 11.916939949830113, -3.075528683827553e-05
27.619, 11.917222746619634, -3.0663809186131046e-05
27.652, 11.917496353100146, -3.0576217642864851e-05
27.685, 11.917768794091039, -3.0489788782386947e-05
27.719, 11.918048826038612, -3.0401720181698842e-05
27.752, 11.918319746462011, -3.0317152732201186e-05
27.785, 11.918589501164044, -3.0233477545898933e-05
27.819, 11.918866758918572, -3.014798377290531e-05
27.852, 11.919134984953955, -3.0065673688624222e-05
27.885, 11.919402047473477, -2.998403314249516e-05
27.919, 11.91967653016582, -2.9900416929792196e-05
27.952, 11.919942064036579, -2.9819732258623881e-05
27.985, 11.920206441368666, -2.9739535472455745e-05
28.019, 11.920478156550111, -2.9657225342581279e-05
28.052, 11.920740999279978, -2.957766641503787e-05
28.085, 11.921002670676344, -2.9498525919183204e-05
28.119, 11.921271553388234, -2.941667527359683e-05
28.152, 11.921531576761604, -2.9337493945813454e-05
28.185, 11.921790322831596, -2.9258732329713371e-05
28.219, 11.922056036118947, -2.9177833670644527e-05
28.251, 11.922312818020263, -2.9099626532816805e-05
28.284, 11.92256815849332, -2.9021816874170593e-05
28.319, 11.922830197561732, -2.8941914599577567e-05
28.352, 11.92308328860333, -2.8864683728607091e-05
28.385, 11.923334858204182, -2.8787820483667838e-05
28.419, 11.923592976509132, -2.8708961384639022e-05
28.452, 11.923842294013284, -2.8632817856945822e-05
28.485, 11.924090186678185, -2.8557162718494851e-05
28.519, 11.924344650227127, -2.8479612688380563e-05
28.552, 11.924590560342272, -2.8404814050950154e-05
28.585, 11.924835180252144, -2.8330583529890377e-05
28.619, 11.925086396946922, -2.8254592330788189e-05
28.652, 11.925329267374332, -2.8181400549677445e-05
28.685, 11.925570953710992, -2.8108875459457863e-05
28.719, 11.925819245237065, -2.8034751729518948e-05
28.752, 11.926059363169966, -2.7963490502653098e-05
28.785, 11.926298379419446, -2.7893019111111503e-05
28.819, 11.92654399663429, -2.7821137300012634e-05
28.851, 11.926781587402417, -2.7752174482630036e-05
28.885, 11.927018141361813, -2.7684116216713602e-05
28.919, 11.927261276911294, -2.7614851101302577e-05
28.952, 11.927496508166238, -2.754855816501611e-05
28.985, 11.92773074985319, -2.7483297289063268e-05
29.019, 11.927971543891616, -2.741704902983645e-05
29.052, 11.928204539485289, -2.735381083647979e-05
29.085, 11.928436581170752, -2.7291732660900878e-05
29.119, 11.928675137064701, -2.7228841932040403e-05
29.152, 11.928905984013275, -2.7168889093786798e-05
29.185, 11.929135899994844, -2.7110148154373809e-05
29.219, 11.929372284414393, -2.7050796133723478e-05
29.252, 11.929601043528859, -2.6994512725480924e-05
29.285, 11.929828892409686, -2.6939518843116481e-05
29.319, 11.930063163012308, -2.6884096994122134e-05
29.352, 11.93028988593707, -2.6831586371771493e-05
29.385, 11.930515715108706, -2.6780409243642088e-05
29.419, 11.930747916596804, -2.6728967854802317e-05
29.452, 11.930972642788516, -2.6680337672248743e-05
29.485, 11.931196487349437, -2.6633011358913512e-05
29.519, 11.931426651219823, -2.6585509060375037e-05
29.552, 11.931649407116382, -2.6540681072762481e-05
29.585, 11.931871290159652, -2.6497105671971713e-05
29.619, 11.932099432308362, -2.645321816294064e-05
29.651, 11.932320225060931, -2.6411807322641706e-05
29.685, 11.93254014568218, -2.6371642045971851e-05
29.719, 11.93276626459612, -2.6331359666226915e-05
29.752, 11.93298509347226, -2.6293433834078996e-05
29.784, 11.933203051919202, -2.6256752600857415e-05
29.842, 11.933644018176107, -2.6185951785581621e-05
29.842, 11.933644018176107, -2.6185951785581621e-05
29.885, 11.933860903740779, -2.615274357499524e-05
29.919, 11.934082990899785, -2.6120100434003664e-05
29.951, 11.93429787224515, -2.6089638084046365e-05
29.985, 11.934511887503312, -2.6060442502384074e-05
30.019, 11.934731918903276, -2.6031618953596586e-05
30.052, 11.93494484119919, -2.600490606455057e-05
30.085, 11.935156899347476, -2.5979469444094349e-05
30.119, 11.935374910586765, -2.5954512449780709e-05
30.152, 11.935585869811023, -2.5931529450021446e-05
30.184, 11.935795961553858, -2.5909803943434247e-05
30.219, 11.936011938291744, -2.588864847993748e-05
30.252, 11.93622091655187, -2.5869277203633043e-05
30.285, 11.936429026384699, -2.585101262022058e-05
30.319, 11.936642956714023, -2.583324321313167e-05
30.352, 11.936849946280041, -2.5816944377622349e-05
30.385, 11.937056067943638, -2.5801558006594533e-05
30.417, 11.937267945115629, -2.5786536507640367e-05
30.452, 11.937472943218156, -2.577270872984273e-05
30.485, 11.937677073837682, -2.575956370391071e-05
30.519, 11.937886891837534, -2.5746605306551248e-05
30.552, 11.938089886893211, -2.5734553691711134e-05
30.585, 11.938292016880506, -2.5722957138192263e-05
30.619, 11.938499762505838, -2.5711332709108882e-05
30.652, 11.938700708147785, -2.5700333479999608e-05
30.685, 11.938900705266613, -2.5687947345225991e-05
30.719, 11.939106078747807, -2.5667538348643259e-05
30.752, 11.939304474325889, -2.5645959926385907e-05
30.785, 11.939501685438191, -2.5620634055770553e-05
30.819, 11.93970422107275, -2.558614773356679e-05
30.852, 11.939900243279792, -2.5562306984301495e-05
30.885, 11.940095419360905, -2.5525105592560964e-05
30.918, 11.940296070380212, -2.5485143892602085e-05
30.952, 11.9404901994097, -2.5444281552198001e-05
30.985, 11.940683520242578, -2.5402791726165793e-05
31.019, 11.940882232041607, -2.5358363113295715e-05
31.052, 11.941074492498055, -2.5314521270973623e-05
31.085, 11.941265935029906, -2.5268985915327642e-05
31.119, 11.941462716976972, -2.52201136014923e-05
31.152, 11.941653100019757, -2.5170544725171963e-05
31.184, 11.941842671860943, -2.5118281710648433e-05
31.219, 11.942037525592379, -2.5062220295513265e-05
31.252, 11.942226040561064, -2.5005771543797708e-05
31.285, 11.942413748562572, -2.4946727588370796e-05
31.319, 11.942606681111773, -2.4882491102921879e-05
31.352, 11.942793316983169, -2.4813136988527314e-05
31.385, 11.942979104595913, -2.4754769508223293e-05
31.419, 11.943169916194078, -2.4717750416579916e-05
31.452, 11.943354206665578, -2.4680126362158432e-05
31.485, 11.943537281231562, -2.4642147718590468e-05
31.519, 11.94372506153864, -2.4601475588218015e-05
31.552, 11.943906522593593, -2.4560480524773569e-05
31.585, 11.944087207891865, -2.4517495150306417e-05
31.619, 11.944272972912973, -2.4474170421961963e-05
31.651, 11.944452742268009, -2.443156542418485e-05
31.685, 11.944631777658184, -2.4389796538652514e-05
31.718, 11.944815832930294, -2.4345871224699129e-05
31.752, 11.944993935016592, -2.4303076271592867e-05
31.784, 11.945171299460982, -2.4260809780410853e-05
31.819, 11.945353626303154, -2.4214985472348638e-05
31.852, 11.945530047590422, -2.4171964373701172e-05
31.885, 11.945705734157338, -2.4128500527286671e-05
31.919, 11.945886332779612, -2.4079756867850346e-05
31.952, 11.946061079308462, -2.4035905124569349e-05
31.985, 11.946235109568766, -2.3989871198723849e-05
32.019, 11.946414017089417, -2.3938467250202661e-05
32.052, 11.946587126218457, -2.3892096722029651e-05
32.085, 11.946759514470452, -2.3845169590709886e-05
32.119, 11.946936729556676, -2.3792748276839344e-05
32.152, 11.947108187793027, -2.3743640533064875e-05
32.185, 11.947278923814702, -2.3693652792235088e-05
32.219, 11.947454435650082, -2.3640315672039812e-05
32.252, 11.947624236350794, -2.3588025988839409e-05
32.283, 11.947793316813609, -2.3534526264868837e-05
32.319, 11.947967121627267, -2.3479249494830479e-05
32.352, 11.94813526774281, -2.342326767110871e-05
32.385, 11.948302696614126, -2.3366416719831828e-05
32.419, 11.9484747948808, -2.3309163612527406e-05
32.452, 11.948641287214997, -2.3250045540101678e-05
32.485, 11.948807065169932, -2.3190693826180591e-05
32.519, 11.948977459398174, -2.3130844405380349e-05
32.551, 11.949142301467479, -2.3069097175896299e-05
32.584, 11.949306430513237, -2.3007647269025557e-05
32.619, 11.949475119092861, -2.2945035143574233e-05
32.652, 11.949638320010068, -2.2880374571238821e-05
32.685, 11.949800809820042, -2.2815492290251483e-05
32.719, 11.949967818978456, -2.2747529224585871e-05
32.752, 11.950129290658827, -2.2677409680804153e-05
32.785, 11.950290062921626, -2.260012811641897e-05
32.819, 11.95045496421082, -2.2533982112211176e-05
32.852, 11.950614405236031, -2.2484142700872955e-05
32.885, 11.950773106618183, -2.2437012692135248e-05
32.919, 11.950936165208796, -2.2390710452086156e-05
32.952, 11.951093858143908, -2.2348984593351047e-05
32.985, 11.951250816227621, -2.2310046240027271e-05
33.019, 11.951412086117109, -2.2272634347619703e-05
33.052, 11.951568050955157, -2.2239956928982535e-05
33.085, 11.951723289432346, -2.2210462336407019e-05
33.119, 11.95188279476641, -2.2183234962985955e-05
33.152, 11.95203705377436, -2.2161557403617885e-05
33.185, 11.952190595743376, -2.2144161454611897e-05
33.219, 11.952348359343359, -2.2130234250712611e-05
33.252, 11.952500933743101, -2.2122616465147582e-05
33.284, 11.952652797425953, -2.2120706863523936e-05
33.319, 11.952808837904941, -2.212191850904022e-05
33.352, 11.952959758357114, -2.2099264363621536e-05
33.384, 11.95310996317478, -2.2079109453725397e-05
33.419, 11.953264305393168, -2.2057018389779743e-05
33.452, 11.95341356855168, -2.2039431729736342e-05
33.485, 11.953562135951721, -2.2026942403810099e-05
33.519, 11.953714795744277, -2.2009285817973041e-05
33.551, 11.953862350485027, -2.1991892302652943e-05
33.584, 11.954007984906474, -2.1929947286384313e-05
33.619, 11.954153419698729, -2.1855888092394011e-05
33.652, 11.954287319656345, -2.1795909173724865e-05
33.685, 11.954411744342087, -2.1751466525415686e-05
33.719, 11.95453013142081, -2.1751387301513786e-05
33.752, 11.954640486160605, -2.1758104930319375e-05
33.785, 11.954751617633075, -2.1782490476684796e-05
33.819, 11.954869222108165, -2.188946178618673e-05
33.851, 11.954988399218978, -2.2081694131368921e-05
33.884, 11.955114620075564, -2.2351542058163587e-05
33.919, 11.955254013155624, -2.2720034170066654e-05
33.952, 11.955395471997868, -2.2857713723492869e-05
33.985, 11.955535409720389, -2.3255106898650874e-05
34.016, 11.955679309145854, -2.360761970830547e-05
34.052, 11.955818302343831, -2.3950962409066889e-05
34.085, 11.955956470744754, -2.4298632106099752e-05
34.118, 11.956098249243762, -2.4661044410390861e-05
34.152, 11.956235230014846, -2.5012240430257149e-05
34.185, 11.956371571222304, -2.5330875110267017e-05
34.219, 11.95651137469499, -2.5695861680986923e-05
34.252, 11.956646654127493, -2.6008566487145623e-05
34.285, 11.956781061991075, -2.6348400900461394e-05
34.319, 11.956919129946963, -2.6683118755863293e-05
34.352, 11.957052582282822, -2.70028761852973e-05
34.385, 11.957185351918895, -2.7318913049922573e-05
34.419, 11.957321577773904, -2.7666494337344146e-05
34.448, 11.957453503765349, -2.7951689673071877e-05
34.485, 11.957584505312473, -2.828508887725873e-05
34.519, 11.957719198028695, -2.8597408388866809e-05
34.552, 11.957849254361751, -2.8925591750497698e-05
34.585, 11.957978831105736, -2.9221681240224385e-05
34.619, 11.95811193701558, -2.9519172630107942e-05
34.652, 11.958240748217689, -2.9795725358994771e-05
34.685, 11.958368763615143, -3.0107133154337991e-05
34.719, 11.95850044706633, -3.0426984518156662e-05
34.752, 11.958628017013881, -3.075093868679606e-05
34.784, 11.958755956696102, -3.091646264840586e-05
34.819, 11.958889746749893, -3.1315923260557701e-05
34.852, 11.959020252334042, -3.1594446865968744e-05
34.885, 11.959153199034439, -3.1988651477737723e-05
34.919, 11.959295250824256, -3.2449147029123997e-05
34.952, 11.959435856230927, -3.2827405025224259e-05
34.984, 11.959575588952539, -3.3174610473989073e-05
35.019, 11.959718801691778, -3.3498199147534099e-05
35.052, 11.959857007343869, -3.3780068399865692e-05
35.085, 11.959994315770198, -3.4031475471625979e-05
35.119, 11.960135161130848, -3.4259128829325177e-05
35.152, 11.960271113238056, -3.4449891380910702e-05
35.184, 11.960406188303519, -3.4612408164877927e-05
35.219, 11.960544740923222, -3.4749642323755059e-05
35.252, 11.960678477705205, -3.4856345227946273e-05
35.319, 11.960947638787184, -3.499420665633462e-05
35.319, 11.960947638787184, -3.499420665633462e-05
35.352, 11.961079903832063, -3.5026271438333026e-05
35.384, 11.961210538168004, -3.5036518642282517e-05
35.419, 11.961344596304057, -3.5015899432707894e-05
35.452, 11.961473978536292, -3.4976589998493175e-05
35.485, 11.961602503641185, -3.4918204722041315e-05
35.519, 11.961734351302908, -3.4832509884985384e-05
35.552, 11.961861616372143, -3.473302002291988e-05
35.585, 11.961988074915775, -3.461513493029716e-05
35.619, 11.96211781222066, -3.4469364189313443e-05
35.652, 11.962243041787223, -3.4314964486405391e-05
35.685, 11.962367506570956, -3.4143831688809959e-05
35.719, 11.962495209423951, -3.3944907881751764e-05
35.751, 11.962618489123933, -3.3743398353752659e-05
35.785, 11.962741795929475, -3.3529149212890616e-05
35.818, 11.962867480702631, -3.3287605817170126e-05
35.852, 11.962988979341729, -3.3032194017970809e-05
35.882, 11.963109629638991, -3.2778602929316476e-05
35.919, 11.963233546126744, -3.2495913167505594e-05
35.951, 11.963353182183287, -3.2220081283520686e-05
35.985, 11.963472188186056, -3.1928068530088969e-05
36.019, 11.963594296743949, -3.161475155364231e-05
36.052, 11.963712327880728, -3.1305237161971566e-05
36.084, 11.963829677323545, -3.0984987006870677e-05
36.119, 11.963950158564016, -3.0643394466956019e-05
36.152, 11.964066631617266, -3.0307479299697519e-05
36.182, 11.964182466957999, -2.9963269566031664e-05
36.219, 11.964301385642887, -2.9598261725788493e-05
36.252, 11.964416411923057, -2.9239797540834436e-05
36.284, 11.964530778495231, -2.8878354027236492e-05
36.319, 11.964648194289849, -2.8493894126826858e-05
36.352, 11.964761855772267, -2.8113351092814835e-05
36.385, 11.964874887929613, -2.7736116436908374e-05
36.419, 11.964990851555251, -2.7337824692581206e-05
36.451, 11.965103174483943, -2.6937165866365628e-05
36.485, 11.965214932772348, -2.6546158669981498e-05
36.519, 11.965329485056861, -2.6141096734592039e-05
36.552, 11.965440050297628, -2.5759075654985913e-05
36.585, 11.965549835440974, -2.5379181948855503e-05
36.619, 11.965662366611266, -2.4988321205786936e-05
36.652, 11.96577088999833, -2.461218118838176e-05
36.685, 11.965878504432476, -2.4243671345407239e-05
36.718, 11.965988568399103, -2.3870344520579247e-05
36.752, 11.966094468053381, -2.350558381167473e-05
36.785, 11.966199288112344, -2.314242664373713e-05
36.819, 11.966306294523219, -2.2769191768903757e-05
36.851, 11.966409061106013, -2.2404239114377239e-05
36.885, 11.966510590046827, -2.2037374208656838e-05
36.919, 11.966614060934367, -2.1660820650218685e-05
36.952, 11.966713243159328, -2.1292835829469729e-05
36.985, 11.966810997815781, -2.0935570335079804e-05
37.019, 11.966910275680339, -2.0580312891904101e-05
37.052, 11.967004723456757, -2.0283860468885128e-05
37.085, 11.967095641986024, -2.0054083226332969e-05
37.119, 11.967183521052842, -1.988924257992102e-05
37.152, 11.96726103225706, -1.9735575544507174e-05
37.185, 11.967329296825158, -1.9538049469378011e-05
37.219, 11.967390043660965, -1.9316446786149259e-05
37.252, 11.967442682564279, -1.9089265776683071e-05
37.285, 11.967495490647039, -1.8873122545842235e-05
37.319, 11.967554049280722, -1.8615797990667296e-05
37.352, 11.967616904315918, -1.8294393306494054e-05
37.385, 11.967687388883565, -1.7852192865156508e-05
37.419, 11.967769547916099, -1.7007882431318854e-05
37.452, 11.967854017418507, -1.65448520646261e-05
37.484, 11.967937139241162, -1.6019597134069761e-05
37.519, 11.968022019124843, -1.5472137315492924e-05
37.551, 11.968103728715365, -1.4957841816826837e-05
37.585, 11.968184626330865, -1.4446035073547416e-05
37.619, 11.968267317436023, -1.3903033297077801e-05
37.652, 11.96834708264452, -1.3405952107671053e-05
37.685, 11.968426182153317, -1.291239353960658e-05
37.719, 11.968507121950648, -1.2373506389171276e-05
37.752, 11.96858530968667, -1.188463738263521e-05
37.785, 11.968662915806309, -1.1396477311000515e-05
37.819, 11.968742527276742, -1.0886123777999437e-05
37.852, 11.968819437124571, -1.0395810299463057e-05
37.885, 11.968895955926136, -9.9248526218247649e-06
37.919, 11.968974465223159, -9.4163394748177491e-06
37.952, 11.969050404662237, -8.9346374378226995e-06
37.984, 11.969125955563642, -8.4456801513649687e-06
38.019, 11.969203656260351, -7.9547829004298411e-06
38.05, 11.969278778188791, -7.4592021343709996e-06
38.085, 11.969353784984772, -7.0369609255677968e-06
38.119, 11.969430811999645, -6.5456097964544535e-06
38.152, 11.969505465240955, -6.0745636683774863e-06
38.185, 11.969579822695145, -5.5889458630834997e-06
38.219, 11.969656368445676, -5.0949047390754017e-06
38.252, 11.969730532467418, -4.628831060438088e-06
38.284, 11.969804646314563, -4.2131322570751021e-06
38.319, 11.969881022344588, -3.761251340645816e-06
38.351, 11.969955493946719, -3.2759286613852873e-06
38.385, 11.970032117426463, -2.7594325478061278e-06
38.419, 11.970114646726801, -2.2177834850943538e-06
38.452, 11.970198605054199, -1.7006536065993014e-06
38.483, 11.970286715088495, -1.1909455816491753e-06
38.519, 11.970382594952532, -6.6911170789746559e-07
38.552, 11.970483375653114, -1.5610821161137007e-07
38.584, 11.970584184804437, 2.8565054766854526e-07
38.619, 11.970688247563592, 7.156151964782179e-07
38.648, 11.970788114264241, 1.0936783010334927e-06
38.685, 11.970887143580642, 1.4381572202949431e-06
38.719, 11.970988711276291, 1.7616514525153409e-06
38.752, 11.971086621369157, 2.0445484063035886e-06
38.783, 11.971183787227279, 2.2976820445461665e-06
38.819, 11.971283382597319, 2.5298921079771351e-06
38.851, 11.971379463937669, 2.7280375072958031e-06
38.885, 11.971474883115436, 2.9001273133577442e-06
38.919, 11.971572725519247, 3.0521956797833728e-06
38.951, 11.971667154005674, 3.1757080014066114e-06
38.985, 11.971760971782921, 3.2765816565609904e-06
39.019, 11.971857211903327, 3.3586559667435275e-06
39.052, 11.971950130103819, 3.4172775191485863e-06
39.085, 11.9720424828741, 3.4563769311993449e-06
39.119, 11.97213725377423, 3.4777140799891889e-06
39.152, 11.97222878503155, 3.4804396361826092e-06
39.185, 11.972319788140357, 3.4670574337434784e-06
39.219, 11.972413201055632, 3.4374655141543973e-06
39.251, 11.972503445278656, 3.393586375973264e-06
39.285, 11.972593192569294, 3.3356744525277229e-06
39.318, 11.972685337939845, 3.2634780706592687e-06
39.352, 11.972774377677197, 3.180922001093703e-06
39.385, 11.972862946065597, 3.0870588555316474e-06
39.419, 11.972953898101341, 2.9803601978442816e-06
39.452, 11.973041803109362, 2.8666816928393225e-06
39.485, 11.973129259417266, 2.7448382853445961e-06
39.519, 11.973219085750042, 2.6102472173280225e-06
39.552, 11.973305918951025, 2.4714081504788217e-06
39.585, 11.973392322965919, 2.3252056355221556e-06
39.619, 11.973481078928131, 2.1672274249352783e-06
39.652, 11.97356688932781, 2.0077794505967968e-06
39.685, 11.973652286534202, 1.8432834539862341e-06
39.719, 11.973740018667005, 1.668929501803285e-06
39.752, 11.973824851427233, 1.4957472064095068e-06
39.784, 11.973909283962273, 1.3192422523965931e-06
39.819, 11.973996031685326, 1.1343023247541624e-06
39.852, 11.97407992116193, 9.5290629634036895e-07
39.884, 11.974163421039199, 7.7037459992820257e-07
39.919, 11.974249210628663, 5.8104657444263633e-07
39.951, 11.974332174353069, 3.9652510099816091e-07
39.985, 11.974414755877454, 2.1140301215266553e-07
40.019, 11.974499611123026, 1.9867485798366789e-08
40.052, 11.97458168142267, -1.6795842977903631e-07
40.085, 11.974663381185465, -3.5662514582473242e-07
40.119, 11.974747334142018, -5.518476468414169e-07
40.152, 11.974828590566677, -6.9355368017693599e-07
40.185, 11.974909574840947, -8.0578745730435811e-07
40.251, 11.975073470106127, -1.0235453585339213e-06
40.251, 11.975073470106127, -1.0235453585339213e-06
40.285, 11.975154015939465, -1.17199938995679e-06
40.319, 11.975236611643275, -1.2889428083303606e-06
40.352, 11.975316325667, -1.4836110981441581e-06
40.385, 11.975395696066967, -1.6783543359270851e-06
40.419, 11.975477262075636, -1.8840503113494563e-06
40.451, 11.975556164269044, -2.081473880845784e-06
40.485, 11.975634719521523, -2.2780642792505591e-06
40.519, 11.975715451897914, -2.4797357536873255e-06
40.552, 11.975793554971176, -2.672344982641949e-06
40.584, 11.975871321104773, -2.8628260566809167e-06
40.619, 11.975951249221193, -3.0571841433547204e-06
40.685, 11.976105582798075, -3.4245319669763293e-06
40.685, 11.976105582798075, -3.4245319669763293e-06
40.719, 11.976184907438499, -3.5978042222185319e-06
40.752, 11.976261494606073, -3.7801616445699422e-06
40.785, 11.976337744511341, -3.9492077123595996e-06
40.819, 11.976416125096669, -4.1184606380850237e-06
40.852, 11.976491965991421, -4.2768080600292568e-06
40.885, 11.976567492027034, -4.4298667655530144e-06
40.919, 11.976645132309525, -4.5821916520163364e-06
40.952, 11.976720261741303, -4.7240368233887782e-06
40.984, 11.976795084165113, -4.8601361887386591e-06
41.019, 11.976872005633409, -4.9944974969154745e-06
41.051, 11.976946443032672, -5.1186279299134204e-06
41.085, 11.977020579138916, -5.2366681621136724e-06
41.119, 11.977096798113029, -5.3520414763416879e-06
41.152, 11.977170558234752, -5.4575300426230437e-06
41.185, 11.977244022924566, -5.5566879594923588e-06
41.219, 11.977319555016781, -5.6523435383265882e-06
41.252, 11.977392653018612, -5.738558376162905e-06
41.285, 11.977465460822444, -5.8183051717186864e-06
41.319, 11.977540320232746, -5.8938061582947106e-06
41.351, 11.977612769308394, -5.9603939052593487e-06
41.385, 11.977684932822038, -6.0204480985215112e-06
41.419, 11.977759131920191, -6.0755628186781087e-06
41.452, 11.977830942945598, -6.1223566877115265e-06
41.485, 11.977902471886946, -6.1626460351119205e-06
41.519, 11.977976020186336, -6.1974219520041523e-06
41.552, 11.97804720321207, -6.2245661279105047e-06
41.585, 11.978118108477926, -6.2453201248870433e-06
41.619, 11.978191016674311, -6.2600690390535092e-06
41.652, 11.978261580286425, -6.2679348045164523e-06
41.68, 11.978331868634777, -6.2695925429454356e-06
41.719, 11.978404142568705, -6.2648413891412273e-06
41.751, 11.978474092699855, -6.2539962178950537e-06
41.784, 11.978543770423848, -6.2371825937543532e-06
41.818, 11.978615417541926, -6.2135934923311998e-06
41.851, 11.978684761842173, -6.1846739006590332e-06
41.884, 11.97875383636798, -6.1500150668993302e-06
41.919, 11.978824862754262, -6.1082979868796375e-06
41.952, 11.978893604870848, -6.0620965183638839e-06
41.984, 11.978962078681183, -6.0104768540538531e-06
42.019, 11.979032487222446, -5.9515883788838517e-06
42.051, 11.979100631687396, -5.889054236423783e-06
42.085, 11.979168510488135, -5.8214486322756441e-06
42.116, 11.979238307339511, -5.7464312791817845e-06
42.152, 11.979305859000059, -5.6685663784730417e-06
42.184, 11.979373145910488, -5.5859029503546316e-06
42.219, 11.979442331966702, -5.4956265891576609e-06
42.252, 11.979509290857807, -5.4032818548960381e-06
42.285, 11.979575986395318, -5.3065056572201765e-06
42.319, 11.979644563430732, -5.2020469303312366e-06
42.352, 11.979710931847793, -5.0963388111338059e-06
42.385, 11.97977703816375, -4.9865897462774394e-06
42.419, 11.979845008153108, -4.8691263980929067e-06
42.452, 11.979910787810612, -4.7512384117175725e-06
42.485, 11.979976305893329, -4.6296940344635338e-06
42.519, 11.98004366910093, -4.5004579002423257e-06
42.552, 11.980108859659261, -4.3716167490129472e-06
42.585, 11.980173789812337, -4.2395281064188806e-06
42.619, 11.98024054752973, -4.0997783670158159e-06
42.651, 11.980305151194917, -3.9612973566821256e-06
42.684, 11.980369495256273, -3.8200227619066062e-06
42.719, 11.980435648658322, -3.6711058584188368e-06
42.752, 11.980499665866398, -3.5244156253876208e-06
42.785, 11.980563424385627, -3.3751644754945651e-06
42.819, 11.980628973587137, -3.2189683292542257e-06
42.851, 11.980692402433284, -3.0666230631754933e-06
42.885, 11.980755570950178, -2.9124594734948878e-06
42.919, 11.98082050978801, -2.7521941402834833e-06
42.952, 11.980883344488902, -2.5952777968603507e-06
42.984, 11.980945918258808, -2.4375872158742118e-06
43.018, 11.981010242497034, -2.2737746929156556e-06
43.052, 11.981072484033865, -2.1154709702752669e-06
43.084, 11.9811344651803, -1.9635526501168043e-06
43.144, 11.98125977860777, -1.7058155426871831e-06
43.144, 11.98125977860777, -1.7058155426871831e-06
43.185, 11.981321402298356, -1.5647023411686887e-06
43.218, 11.981384458231467, -1.4438075290127048e-06
43.252, 11.981445451553965, -1.3252801618943586e-06
43.285, 11.981506185535435, -1.2017998060495832e-06
43.319, 11.98156861170269, -1.0748927593063432e-06
43.352, 11.981629006150593, -9.5402687144857791e-07
43.384, 11.981689142173826, -8.3503398250713416e-07
43.419, 11.981750953923582, -7.1355895650156549e-07
43.448, 11.981810755215069, -5.9644029255355293e-07
43.485, 11.981870301418033, -4.804313248714887e-07
43.519, 11.981931507694755, -3.6203892282683252e-07
43.552, 11.981990724099887, -2.4791956491957117e-07
43.585, 11.982049688941594, -1.3482800542152829e-07
43.616, 11.982110298303425, -1.9114633149214583e-08
43.652, 11.982168937499068, 9.2705214628794529e-08
43.685, 11.982227327746083, 2.0376924116185887e-07
43.719, 11.982287346848373, 3.1762752347444616e-07
43.751, 11.982345415395097, 4.2774976070005265e-07
43.785, 11.982403238150583, 5.3715006224272071e-07
43.818, 11.98246268548503, 6.6436664158724578e-07
43.851, 11.982520209315778, 7.8829169047171335e-07
43.884, 11.982577498423293, 9.115809471325144e-07
43.919, 11.982636394818721, 1.0385301581060576e-06
43.952, 11.982693384780413, 1.1615389195427076e-06
43.985, 11.982750140558421, 1.2841744423724376e-06
44.019, 11.982808488007823, 1.4103644898889928e-06
44.052, 11.982864946685003, 1.532468392905041e-06
44.085, 11.982921172358477, 1.6539632751238164e-06
44.119, 11.982978972531601, 1.778660285593695e-06
44.152, 11.983034899388105, 1.8990542023303461e-06
44.185, 11.983090593945983, 2.0186311213096348e-06
44.219, 11.983147846747666, 2.1411544510023852e-06
44.252, 11.98320324304783, 2.2592963669009359e-06
44.285, 11.983258408772674, 2.3764852115621494e-06
44.319, 11.983315117597268, 2.4963989913281268e-06
44.352, 11.983369986956854, 2.6118681242840952e-06
44.385, 11.983424626918682, 2.7262674728533419e-06
44.419, 11.983480794126528, 2.8431952916011962e-06
44.452, 11.983535138443131, 2.9556611824699249e-06
44.485, 11.983589254601691, 3.0669738982104923e-06
44.519, 11.983644882341423, 3.1806466164344959e-06
44.552, 11.983698703707899, 3.2898907732810937e-06
44.585, 11.983752298041468, 3.397910978487453e-06
44.618, 11.983807388341303, 3.5080633649233074e-06
44.651, 11.983860688689237, 3.6137683798139917e-06
44.684, 11.983913763287916, 3.718151041700525e-06
44.719, 11.983968318439032, 3.8245051021126737e-06
44.752, 11.984021100279016, 3.9264994453177754e-06
44.784, 11.984073657861897, 4.0271592741863748e-06
44.819, 11.984127680852561, 4.1296642151714792e-06
44.852, 11.984179947134862, 4.2279174683025721e-06
44.885, 11.984231990361492, 4.3248388045242552e-06
44.919, 11.984285485316274, 4.4234925823242108e-06
44.952, 11.984337242191948, 4.5180274040148473e-06
44.984, 11.984388781118415, 4.611264525513364e-06
45.019, 11.984441759336914, 4.7061552576673948e-06
45.051, 11.984493017659952, 4.7970619455711769e-06
45.084, 11.984544060179857, 4.8867041337984664e-06
45.119, 11.984596528002772, 4.977920750842677e-06
45.152, 11.984647291682123, 5.065299403183846e-06
45.185, 11.984697840479001, 5.1514528798000883e-06
45.219, 11.984749799571452, 5.2391112267266783e-06
45.252, 11.984800069970888, 5.3230767736825394e-06
45.285, 11.984850126980744, 5.4058678060445943e-06
45.318, 11.984901580039271, 5.4901121973635468e-06
45.352, 11.98495135998971, 5.5708202534516386e-06
45.385, 11.985000927779476, 5.6504140350833958e-06
45.419, 11.985051877119759, 5.7314236877794439e-06
45.452, 11.985101169368011, 5.8090557847248151e-06
45.485, 11.985150251253044, 5.885643605665732e-06
45.519, 11.985200700871347, 5.9636251465460427e-06
45.552, 11.985249509396324, 6.0383889825924222e-06
45.585, 11.985298109373986, 6.112184233892619e-06
45.619, 11.985348063375547, 6.1873562813887673e-06
45.652, 11.985396391771728, 6.2594340321457993e-06
45.685, 11.985444512910377, 6.3305886688601772e-06
45.719, 11.98549397382024, 6.4030790305100596e-06
45.751, 11.985541824621837, 6.472626094126072e-06
45.785, 11.985589469362717, 6.5413263627657382e-06
45.819, 11.985638439639565, 6.6113635633706641e-06
45.851, 11.985685814850356, 6.6786020828252206e-06
45.885, 11.98573298542307, 6.7450726860047741e-06
45.918, 11.98578146765672, 6.8128960833572394e-06
45.952, 11.985828369628415, 6.8780757236261907e-06
45.985, 11.985875067881137, 6.9425762236067238e-06
46.019, 11.985923063405213, 7.0084444517460379e-06
46.052, 11.985969493637532, 7.071796021251222e-06
46.085, 11.986015721301801, 7.134544920295055e-06
46.119, 11.986063232560422, 7.1986929694720146e-06
46.152, 11.986109193708671, 7.2604619805415742e-06
46.185, 11.986154953557964, 7.3216994077043915e-06
46.219, 11.986201982553535, 7.3843537025380099e-06
46.252, 11.986247475597375, 7.4445964679674673e-06
46.284, 11.986292767899915, 7.5041917640295524e-06
46.319, 11.986339314541921, 7.5648761446453282e-06
46.352, 11.986384339045197, 7.6229482516177938e-06
46.385, 11.986429162795147, 7.6802699591697403e-06
46.419, 11.986475225749343, 7.7385329347994195e-06
46.452, 11.986519780564974, 7.7943447662398154e-06
46.485, 11.986564134864391, 7.8496295726871185e-06
46.519, 11.986609714049594, 7.9059425567945904e-06
46.551, 11.986653799232682, 7.9606767813126206e-06
46.584, 11.986697685546758, 8.0201271491974779e-06
46.619, 11.986742784376407, 8.085522109509367e-06
46.652, 11.98678640480075, 8.1471340024764346e-06
46.685, 11.986829825910783, 8.2064927519397583e-06
46.719, 11.986874443245185, 8.2684914445679928e-06
46.752, 11.986917595053889, 8.3291388219342177e-06
46.785, 11.986960546811613, 8.3890005914329632e-06
46.819, 11.987004677835442, 8.4506994964203902e-06
46.852, 11.987047355315376, 8.5102532451147486e-06
46.885, 11.987089831011733, 8.5690940026095485e-06
46.919, 11.987133468691216, 8.6299732132368106e-06
46.952, 11.987175664995304, 8.6886568294459191e-06
46.985, 11.987217657643358, 8.7464101767761239e-06
47.019, 11.987260794679809, 8.8060762931866324e-06
47.052, 11.987302502834336, 8.8636552517246002e-06
47.085, 11.987344005755372, 8.9203742131363856e-06
47.119, 11.987386635649376, 8.9789272945866447e-06
47.152, 11.987427849713896, 9.0353834559186807e-06
47.185, 11.987468857291484, 9.090940459243289e-06
47.219, 11.987510974785565, 9.1482560751938538e-06
47.251, 11.987551690203262, 9.2035389788965884e-06
47.285, 11.987592198752107, 9.2579260344475164e-06
47.315, 11.987633800743605, 9.3139820618264697e-06
47.352, 11.987674015091196, 9.3680417246680584e-06
47.385, 11.987714022606809, 9.4212110325895933e-06
47.419, 11.987755107554928, 9.4759732840371607e-06
47.451, 11.987794819627586, 9.5286369270646933e-06
47.485, 11.987834324942735, 9.5797837030628516e-06
47.519, 11.987874893040038, 9.6372328142137586e-06
47.552, 11.987914104728349, 9.6951106567585327e-06
47.584, 11.987953111155813, 9.7512413513934185e-06
47.619, 11.987993164687543, 9.8083753904509339e-06
47.652, 11.988031877376317, 9.8638982805216489e-06
47.685, 11.988070386475451, 9.9192358460098455e-06
47.719, 11.988109928535726, 9.9767751175483126e-06
47.751, 11.988148146340992, 1.0032489056078585e-05
47.784, 11.988186162940689, 1.0087513232358132e-05
47.819, 11.988225199496283, 1.0144700971436074e-05
47.852, 11.988262929147801, 1.0200153817290601e-05
47.885, 11.988300460711427, 1.0254874982893347e-05
47.919, 11.988338999933378, 1.0311632040994334e-05
47.952, 11.988376249703743, 1.0366584503199039e-05
47.985, 11.988413304810933, 1.0420753737989947e-05
48.019, 11.988451355842281, 1.0476874300663913e-05
48.052, 11.988488134840187, 1.0531136056300955e-05
48.085, 11.988524722498825, 1.0584533781443104e-05
48.119, 11.988562294512009, 1.0639782769569609e-05
48.152, 11.988598611555339, 1.0693156854895535e-05
48.184, 11.988634741096956, 1.074562873998814e-05
48.219, 11.988671844294233, 1.0799847528026492e-05
48.252, 11.988707709788976, 1.0852166199252356e-05
48.285, 11.988743391776865, 1.0903537748157334e-05
48.319, 11.988780037175632, 1.095656031802901e-05
48.352, 11.988815461915106, 1.100768333186473e-05
48.385, 11.988850707218228, 1.1057827608503126e-05
48.419, 11.98888690607432, 1.1109530193430065e-05
48.452, 11.988921900873491, 1.115934479285196e-05
48.485, 11.98895672010442, 1.1208160720919948e-05
48.519, 11.988992483343862, 1.1258451635177737e-05
48.552, 11.989027059011406, 1.1306887274704199e-05
48.585, 11.989061463260073, 1.1354323504099079e-05
48.618, 11.989096802756036, 1.1403165405104614e-05
48.652, 11.989130971140064, 1.145019921860406e-05
48.684, 11.989164972503609, 1.1496248372021021e-05
48.719, 11.989199900373901, 1.1543650280821328e-05
48.752, 11.989233672847167, 1.1589302080700457e-05
48.785, 11.989267282319062, 1.1633995473512055e-05
48.818, 11.989301809831481, 1.168001101595107e-05
48.852, 11.989335197295402, 1.1724346784463414e-05
48.884, 11.989368425459659, 1.1767768042074907e-05
48.919, 11.989402563194693, 1.1812490868268721e-05
48.952, 11.989435576220282, 1.1858691043788867e-05
48.985, 11.989468435308524, 1.1909619243502217e-05
49.042, 11.989534849916039, 1.2014725115939604e-05
49.042, 11.989534849916039, 1.2014725115939604e-05
49.085, 11.989567506139988, 1.2062729265630798e-05
49.119, 11.989600904917618, 1.2116738221209325e-05
49.152, 11.989633202714304, 1.2170505278921405e-05
49.185, 11.98966535412475, 1.2222634540228781e-05
49.219, 11.989698394326469, 1.2277294572538729e-05
49.251, 11.989730352590596, 1.2325961276324269e-05
49.285, 11.989762166188489, 1.2364681493609739e-05
49.319, 11.989794860074818, 1.2403322196339226e-05
49.352, 11.989826485706795, 1.2443438290433456e-05
49.385, 11.989857971817457, 1.2483719385951425e-05
49.419, 11.989890331889368, 1.2523962746654527e-05
49.452, 11.989921636699417, 1.2562013828447681e-05
49.485, 11.989952809347523, 1.2607470762247128e-05
49.519, 11.989984851793086, 1.2654251256999274e-05
49.551, 11.990015855273844, 1.2700825431372061e-05
49.585, 11.99004673191865, 1.2748422602265855e-05
49.619, 11.990078475590655, 1.2797025690435405e-05
49.652, 11.990109193593849, 1.2843976935699406e-05
49.685, 11.990139787065072, 1.2890333900951618e-05
49.719, 11.990171240269376, 1.2937517996222767e-05
49.752, 11.990201677303919, 1.2982989265205395e-05
49.785, 11.990231991142526, 1.3028070079451666e-05
49.819, 11.990263156917045, 1.3074278073528271e-05
49.852, 11.990293315534476, 1.3118880307496759e-05
49.885, 11.990323352069774, 1.316320897773092e-05
49.919, 11.990354233085064, 1.3208643303834293e-05
49.952, 11.990384116623444, 1.3252483206219018e-05
49.985, 11.990413879756421, 1.3296041304030487e-05
50.019, 11.990444480131885, 1.3340663997487594e-05
50.051, 11.990474092578083, 1.3383712937308008e-05
50.085, 11.99050358600409, 1.3426463498701308e-05
50.119, 11.990533909346263, 1.347024586793087e-05
50.152, 11.990563253903888, 1.3512476617908108e-05
50.185, 11.990592480685176, 1.3554414173025299e-05
50.219, 11.990622530002609, 1.3597269673425394e-05
50.251, 11.990651609425614, 1.3638400651412489e-05
50.285, 11.990680572130071, 1.3678930766935226e-05
50.319, 11.990710349545987, 1.3719635765286484e-05
50.352, 11.990739165104451, 1.3757867066896162e-05
50.385, 11.99076786477533, 1.3794673000381962e-05
50.419, 11.990797374640222, 1.3833529839357211e-05
50.452, 11.990825936062912, 1.388020494569477e-05
50.484, 11.990854389714171, 1.3935298440166309e-05
50.519, 11.990883652198063, 1.3991588419047386e-05
50.552, 11.990911977562275, 1.4042821049741189e-05
50.585, 11.99094019681848, 1.4094708471219388e-05
50.619, 11.990969219506196, 1.4153284359158587e-05
50.652, 11.990997314121847, 1.421213713427498e-05
50.685, 11.991025304260015, 1.4270065675658807e-05
50.719, 11.991054091735693, 1.433169564577314e-05
50.752, 11.991081959146143, 1.4393716383133427e-05
50.785, 11.99110972354187, 1.4456664598944625e-05
50.819, 11.99113827941737, 1.4524036925399064e-05
50.852, 11.991165923004607, 1.4590816979873619e-05
50.885, 11.991193464741865, 1.4658092833346942e-05
50.918, 11.991221792294272, 1.4730560969118135e-05
50.952, 11.99124921549013, 1.4802698047284689e-05
50.985, 11.991276538183024, 1.4875122850110593e-05
51.019, 11.991304640705097, 1.4952791540214511e-05
51.052, 11.991331846251359, 1.5030081541144876e-05
51.084, 11.991358952248159, 1.5107777352926627e-05
51.119, 11.991386831980616, 1.5191026274679138e-05
51.152, 11.991413818221952, 1.5262121934219544e-05
51.184, 11.991440691986163, 1.5319981425690398e-05
51.219, 11.991468321204664, 1.5372416535121429e-05
51.252, 11.991495054146684, 1.5418398909976629e-05
51.285, 11.991521671360411, 1.5462438762299336e-05
51.319, 11.991549025457372, 1.5505895904600657e-05
51.351, 11.991575483286514, 1.5547034270737061e-05
51.384, 11.99160182110518, 1.558721959998121e-05
51.419, 11.991628886449906, 1.5628093249888199e-05
51.452, 11.99165506550791, 1.5667679320000664e-05
51.484, 11.991681127173653, 1.5707360065956181e-05
51.519, 11.991707910081191, 1.5748477498083519e-05
51.551, 11.991733817080613, 1.5788713116201901e-05
51.585, 11.991759609166188, 1.5829402666642265e-05
51.619, 11.991786118574131, 1.5872459646670443e-05
51.652, 11.991811774023541, 1.5917683963884607e-05
51.685, 11.991837333318507, 1.5965073370722408e-05
51.719, 11.991863621819991, 1.6015359006833337e-05
51.752, 11.991889071513725, 1.6065205000377882e-05
51.785, 11.991914428513882, 1.6115983538733795e-05
51.819, 11.991940508411469, 1.6169108833713892e-05
51.852, 11.991965747137419, 1.6219016706499267e-05
51.884, 11.991990887049969, 1.627001538731725e-05
51.919, 11.992016737584763, 1.6323263809463948e-05
51.952, 11.992041757724612, 1.6375932583182483e-05
51.984, 11.992066682204227, 1.6429528980734271e-05
52.019, 11.992092314497256, 1.6485798344830899e-05
52.085, 11.992141845614915, 1.6598313207859919e-05
52.085, 11.992141845614915, 1.6598313207859919e-05
52.119, 11.992167317638399, 1.6659686825003261e-05
52.152, 11.992191930808962, 1.6717667929373603e-05
52.185, 11.992216453593199, 1.6778056560492002e-05
52.219, 11.992241678037923, 1.6841529513234465e-05
52.252, 11.992266100361734, 1.6904552232333625e-05
52.285, 11.992290437226611, 1.6968879231862922e-05
52.319, 11.992315473300138, 1.7036637103041778e-05
52.352, 11.992339715345455, 1.710387768756521e-05
52.385, 11.992363874375734, 1.7172533374456395e-05
52.419, 11.992388729301929, 1.7244856680313669e-05
52.452, 11.992412797572186, 1.7316631962947808e-05
52.484, 11.992436784966809, 1.738991252938907e-05
52.519, 11.992461464867798, 1.746709941962485e-05
52.552, 11.992485365046699, 1.7543679348252943e-05
52.585, 11.992509186327466, 1.7621860497942232e-05
52.619, 11.992533696653462, 1.7704185610305532e-05
52.65, 11.992557433630113, 1.7785852933829718e-05
52.685, 11.992581093194676, 1.7869192322670181e-05
52.719, 11.992605438037959, 1.7956914922719579e-05
52.752, 11.992629015510218, 1.8043904636927752e-05
52.785, 11.992652516627858, 1.8132649100220756e-05
52.819, 11.992676698916213, 1.8226021692485307e-05
52.852, 11.992700119544519, 1.8318580924257103e-05
52.885, 11.992723465139077, 1.8412998422149968e-05
52.918, 11.9927474882097, 1.8512334863874654e-05
52.951, 11.992770755401525, 1.8610833561949533e-05
52.985, 11.992794025755385, 1.8707635461851538e-05
53.019, 11.99281789347455, 1.881684286549378e-05
53.052, 11.992841006783312, 1.8921684172956591e-05
53.085, 11.992864048723527, 1.9029496616772584e-05
53.119, 11.99288776065899, 1.9142819938758922e-05
53.152, 11.992910727846809, 1.9255691395609436e-05
53.185, 11.992933623380511, 1.9371432824657183e-05
53.219, 11.992957185182226, 1.9493823010929872e-05
53.252, 11.992980007482238, 1.9616201827445086e-05
53.285, 11.993002759529141, 1.9742304898663261e-05
53.319, 11.993026174688143, 1.9876105586379047e-05
53.352, 11.9930488553139, 2.0010487408553402e-05
53.385, 11.993071463525434, 2.014943800965204e-05
53.419, 11.993094723832538, 2.0296263591337136e-05
53.452, 11.993117247098567, 2.0440032395290275e-05
53.485, 11.993139668838962, 2.0510134847973759e-05
53.519, 11.993162705736921, 2.0565284288814376e-05
53.552, 11.993184987767087, 2.0660263415614962e-05
53.585, 11.993207169538646, 2.0772496271629579e-05
53.619, 11.99322996197928, 2.0859496214556859e-05
53.652, 11.993252004945388, 2.0923593659269546e-05
53.685, 11.993273947204992, 2.0998628918267655e-05
53.719, 11.993296495620491, 2.1088810444059162e-05
53.752, 11.993318304581884, 2.1169102968096591e-05
53.785, 11.993340014024108, 2.1236162520072285e-05
53.819, 11.99336233189559, 2.1331953067614425e-05
53.852, 11.993383933677185, 2.1436548752907341e-05
53.884, 11.993405458596436, 2.1539121132105853e-05
53.919, 11.99342760336974, 2.1643600042080038e-05
53.948, 11.993449043615104, 2.1744538184743021e-05
53.985, 11.993470405152101, 2.1844562009001108e-05
54.019, 11.993492373623065, 2.194652153044441e-05
54.051, 11.993513637606902, 2.2044269194275633e-05
54.085, 11.993534819263012, 2.2140525546798047e-05
54.119, 11.993556599499534, 2.2238244231060783e-05
54.152, 11.993577678335395, 2.2331703641938579e-05
54.185, 11.993598673039072, 2.242376536087641e-05
54.218, 11.99362025845786, 2.2517367127974812e-05
54.252, 11.993641146267167, 2.2606897251833653e-05
54.285, 11.99366194844862, 2.2695020179235689e-05
54.319, 11.993683334211998, 2.2784490796810285e-05
54.352, 11.993704030571502, 2.287024648592029e-05
54.381, 11.99372464442089, 2.2954953887621747e-05
54.419, 11.993745838322258, 2.3041228027794758e-05
54.452, 11.993766347703536, 2.3123875358737863e-05
54.485, 11.993786773832198, 2.3205334817779166e-05
54.551, 11.993828095247146, 2.3367218044833594e-05
54.551, 11.993828095247146, 2.3367218044833594e-05
54.585, 11.993848419372027, 2.3444792935541918e-05
54.619, 11.993869223026435, 2.3523907048708216e-05
54.651, 11.993889349100982, 2.3598905828244837e-05
54.685, 11.993909390608392, 2.3672359575192856e-05
54.719, 11.993929992854969, 2.374657538700135e-05
54.752, 11.993949927208753, 2.3817139538330332e-05
54.785, 11.993969778649705, 2.3886218330279855e-05
54.818, 11.993990186528256, 2.395600481503807e-05
54.851, 11.994009933202355, 2.4022320529324519e-05
54.884, 11.994029597234308, 2.4087162560189134e-05
54.919, 11.994049811242506, 2.4152571155016784e-05
54.952, 11.994069369094149, 2.4214669323538321e-05
54.985, 11.994088844340645, 2.4275346279542313e-05
55.019, 11.994108865787753, 2.4336565884547472e-05
55.052, 11.99412824927068, 2.4395344705300991e-05
55.085, 11.994147541917698, 2.4452378017043953e-05
55.119, 11.994167377816478, 2.4510026107345236e-05
55.152, 11.994186564531764, 2.4564630926653286e-05
55.184, 11.994205661831412, 2.4617692037995355e-05
55.219, 11.994225286733977, 2.4671105138786425e-05
55.252, 11.994244265866611, 2.4721568203500844e-05
55.285, 11.994263158555285, 2.4770661786048093e-05
55.319, 11.994282571754953, 2.4819939108941874e-05
55.352, 11.99430134746826, 2.4866428551165392e-05
55.385, 11.994320037690073, 2.4911586732329164e-05
55.419, 11.994339242487316, 2.4956813454363137e-05
55.452, 11.994357817062395, 2.4999406082941357e-05
55.485, 11.994376306795482, 2.5040699920061542e-05
55.519, 11.99439530500441, 2.5081961410670299e-05
55.552, 11.994413679282141, 2.5120735680114074e-05
55.585, 11.994431969489126, 2.5158270825614951e-05
55.618, 11.994450763209484, 2.519576317221044e-05
55.652, 11.994468941016413, 2.5231065346809164e-05
55.685, 11.994487036702996, 2.5265302166287146e-05
55.718, 11.994505631081948, 2.5299546283177541e-05
55.752, 11.994523615674996, 2.5331766492492173e-05
55.785, 11.994541518901144, 2.5362993010991962e-05
55.819, 11.994559915466089, 2.5394207880213021e-05
55.851, 11.994577708590842, 2.542356171120943e-05
55.885, 11.994595421374306, 2.5451994767454869e-05
55.919, 11.994613622677495, 2.5480402797273851e-05
55.952, 11.994631227093887, 2.5507102565201349e-05
55.985, 11.994648752136998, 2.5532949387268581e-05
56.019, 11.994666760761781, 2.555875639074631e-05
56.052, 11.994684178840147, 2.5583011943279884e-05
56.085, 11.994701518279257, 2.5606532998826036e-05
56.119, 11.994719336265822, 2.5630160787082538e-05
56.152, 11.994736570037965, 2.5652517124841146e-05
56.185, 11.994753725890732, 2.567431769740278e-05
56.219, 11.994771355128131, 2.5696270047380188e-05
56.252, 11.994788406339103, 2.5717065268462531e-05
56.285, 11.99480538051044, 2.5737384622201145e-05
56.319, 11.994822823262226, 2.5757895334047825e-05
56.352, 11.994839694361296, 2.5777386343714183e-05
56.385, 11.994856489638652, 2.5796458397489717e-05
56.419, 11.9948737489983, 2.5815713975091542e-05
56.452, 11.994890443061074, 2.5834049337374051e-05
56.484, 11.994907062167856, 2.585206387060696e-05
56.519, 11.994924140496167, 2.5870339299393409e-05
56.552, 11.994940659429945, 2.5887830327026832e-05
56.584, 11.994957104233373, 2.5905070539048371e-05
56.619, 11.994974003609341, 2.5922598813644809e-05
56.652, 11.994990349643734, 2.5939442911143562e-05
56.685, 11.99500662241423, 2.59561493938187e-05
56.719, 11.9950233448492, 2.5973231614786202e-05
56.752, 11.995039519599722, 2.5989729825552465e-05
56.785, 11.995055621223392, 2.6006169669039961e-05
56.819, 11.995072166641593, 2.6022953578975171e-05
56.851, 11.995088167181303, 2.6038783506469167e-05
56.885, 11.995104092051202, 2.6054025650818229e-05
56.919, 11.995102121714808, 2.6359538883878811e-05
56.952, 11.995099978143628, 2.6414519892249255e-05
56.984, 11.995097831941559, 2.6445060598905825e-05
57.018, 11.995095619756119, 2.6476462233993982e-05
57.051, 11.995093471998491, 2.6506673954026281e-05
57.085, 11.995091323525644, 2.6536983685175773e-05
57.119, 11.995089109076003, 2.656825386850205e-05
57.151, 11.99508695915225, 2.6598432415095164e-05
