
1.242, 3.9999806513752119, -4.6465941373708301e-08
1.276, 3.9999804307750475, 2.9852004225871398e-07
1.309, 3.9999806879812776, 3.284913511658585e-07
1.342, 3.9999806882012403, 3.439625998052887e-07
1.376, 3.9999806850209283, 3.6239875970000551e-07
1.408, 3.9999806818345172, 3.8115580741737251e-07
1.439, 3.9999806786278045, 4.0004452650150971e-07
1.475, 3.999980675320697, 4.1952661976679888e-07
1.508, 3.9999806721103726, 4.3843885320328152e-07
1.542, 3.9999806688999646, 4.5735159800668428e-07
1.5750000000000002, 3.9999806655922447, 4.7683758540764054e-07
1.608, 4.0004187393951041, 6.4171714825098929e-07
1.641, 4.0017114897573123, 6.1457776874125541e-07
1.6760000000000002, 4.0039388403447989, 4.8560965499022856e-07
1.709, 4.0069629051409068, 1.7651448350424818e-07
1.741, 4.0108155807709718, -2.2270760660445146e-07
1.775, 4.0156023185453247, -5.0962337041787929e-07
1.808, 4.0205571247949958, -7.3093887841494615e-07
1.842, 4.0255122292566172, -9.3102475601864137e-07
1.876, 4.0306169717614679, -1.1883537644091804e-06
1.908, 4.0355704448505678, -1.3942213074660537e-06
1.9420000000000002, 4.0405219453945875, -1.7031235519887782e-06
1.976, 4.0456143040129042, -2.4552830946709834e-06
2.009, 4.050513177654893, -2.7874487815675439e-06
2.042, 4.0554421159274376, -2.8283308103873709e-06
2.075, 4.0605382975334763, -3.0280801270091779e-06
2.109, 4.0654836676451183, -3.3814659469352422e-06
2.141, 4.0704293871771791, -3.6762509685458033e-06
2.175, 4.0755256304740159, -3.986845029337659e-06
2.208, 4.080472701497297, -4.3533549714308864e-06
2.242, 4.0854205210803611, -4.7667299324978463e-06
2.275, 4.0905190910865636, -5.2207442244239723e-06
2.308, 4.0954685154244155, -5.6937156563750122e-06
2.342, 4.1004187599583153, -6.2025318370784154e-06
2.376, 4.1055199016576065, -6.7686259556938328e-06
2.409, 4.1104719019919784, -7.3601780630560228e-06
2.442, 4.1154248043318047, -7.9966536825203759e-06
2.476, 4.1205287441390555, -8.7077835645703462e-06
2.509, 4.1254834326355727, -9.4503809269871693e-06
2.542, 4.1304384410960973, -1.0230182061725351e-05
2.576, 4.1355428702937189, -1.10647980039627e-05
2.609, 4.1404475980521704, -1.195633238105322e-05
2.642, 4.1452469812859203, -1.3177236457688271e-05
2.676, 4.1501096376049, -1.4339930920940453e-05
2.708, 4.1547358727801509, -1.6270663631216832e-05
2.741, 4.1592066117416442, -1.7177493925069077e-05
2.776, 4.1637279067397071, -1.8355761704844049e-05
2.808, 4.1680296079302774, -1.9623237347423174e-05
2.842, 4.1722487165908779, -2.0785230960224258e-05
2.876, 4.1765171647374775, -2.1895131606769522e-05
2.909, 4.1805879229305978, -2.2893743092749313e-05
2.942, 4.1845895813506013, -2.3849516838033977e-05
2.975, 4.1886452604583937, -2.4810142845639717e-05
3.008, 4.1925211751520761, -2.5721511161227705e-05
3.041, 4.1963388234151084, -2.6630290290905013e-05
3.075, 4.2002165336378887, -2.7573239771828841e-05
3.109, 4.2039295309229425, -2.8505127452260909e-05
3.142, 4.2075934476654151, -2.9461025203987898e-05
3.175, 4.2114039579112061, -3.0496254726214332e-05
3.209, 4.2149844618063259, -3.1539932337277685e-05
3.241, 4.2185155019193878, -3.2603170564002069e-05
3.275, 4.2221142699745373, -3.374919470095358e-05
3.309, 4.2255717619681237, -3.4905461933236364e-05
3.342, 4.2289947392218599, -3.6098817959714581e-05
3.375, 4.232488825794162, -3.7377736618769689e-05
3.409, 4.2358497366105698, -3.8646062780482943e-05
3.441, 4.2391807998182731, -3.9945076832147257e-05
3.476, 4.2425845307271715, -4.1263831836638607e-05
3.509, 4.2458623099962089, -4.2483592611539959e-05
3.541, 4.2491101361830967, -4.3980548800879214e-05
3.575, 4.252437940567388, -4.5526245777016019e-05
3.608, 4.2556119518602094, -4.7752007147519087e-05
3.641, 4.2587644862110468, -4.868592729131757e-05
3.676, 4.2620290098493356, -4.9999203519207882e-05
3.709, 4.2651786696049054, -5.1415558963641826e-05
3.741, 4.2683106918400862, -5.2704751246186592e-05
3.776, 4.2715219980013064, -5.3965240721742245e-05
3.808, 4.274625245570653, -5.5101460995809614e-05
3.841, 4.2777154981718892, -5.6140578711541254e-05
3.876, 4.2808870743884189, -5.7136670663255647e-05
3.909, 4.2839548213677245, -5.8043839985160902e-05
3.942, 4.2870124151253686, -5.8905363866564645e-05
3.976, 4.2901539773037403, -5.9759739722936932e-05
4.008, 4.293194357745219, -6.0563505155649315e-05
4.041, 4.29622674689747, -6.1351771121537856e-05
4.076, 4.2993446027961451, -6.2161700275303365e-05
4.108, 4.3023648475047516, -6.295244118473408e-05
4.142, 4.3053791594697488, -6.3756603882546186e-05
4.175, 4.3084802131417357, -6.4607038942415671e-05
4.208, 4.3114857168433245, -6.5463228044788355e-05
4.241, 4.3144866711477317, -6.6352460721541543e-05
4.271, 4.3175745873153906, -6.730957360502115e-05
4.308, 4.3205677945700511, -6.8282478972590385e-05
4.342, 4.3235568830425128, -6.9300515590621674e-05
4.376, 4.3266324748015021, -7.0400028881915567e-05
4.408, 4.3296124090747909, -7.1527054420300075e-05
4.442, 4.3325862300255729, -7.2711635259384771e-05
4.475, 4.3357259549687059, -7.4048382810696492e-05
4.509, 4.3386938305363962, -7.5360005437802711e-05
4.542, 4.3416489794756483, -7.6712331709904085e-05
4.575, 4.3446903433373203, -7.8122654447341529e-05
4.608, 4.347640594732546, -7.9496315145357509e-05
4.641, 4.3505905844456203, -8.0956162164884455e-05
4.675, 4.3536311198811157, -8.2486561266172207e-05
4.709, 4.3565684176656871, -8.4639925333200567e-05
4.742, 4.3594558539843185, -8.7326764543821085e-05
4.775, 4.3624241380148048, -8.825025533725468e-05
4.808, 4.3653722266624166, -8.9673394880772456e-05
4.8420000000000005, 4.3683387138764536, -9.1431370980414803e-05
4.875, 4.3713991592542412, -9.3149316914803223e-05
4.909, 4.3743727145329441, -9.4731751662774813e-05
4.941, 4.3773488626084136, -9.6251299491823794e-05
4.974, 4.3804188619350164, -9.773416131230986e-05
5.008, 4.3834023265127415, -9.9113908550238269e-05
5.041, 4.3863893495085877, -0.00010044858942365384
5.076, 4.3894716081037206, -0.00010178929969800607
5.108, 4.3924674978494718, -0.00010306796027020621
5.142, 4.3954671990827325, -0.00010433256874904405
5.176, 4.3985630220658196, -0.000105629563908099
5.191, 4.4015723135099041, -0.00010689524636370262
5.241, 4.4045856034294006, -0.00010817253561966186
5.275, 4.4076956323986662, -0.00010950934607718336
5.309, 4.4107187030434227, -0.00011083429527964999
5.342, 4.4137459287259633, -0.000112192097105413
5.375, 4.4168696373329652, -0.00011363082076746531
5.408, 4.4199063185327132, -0.00011507143010318233
5.442, 4.4229473634704268, -0.00011655934124868473
5.475, 4.4260864117329142, -0.00011814376501187221
5.508, 4.4291373564361196, -0.00011973343400670029
5.541, 4.4321926775211278, -0.00012137621294134058
5.575, 4.4353464663483662, -0.00012312070116742726
5.609, 4.4384123645923168, -0.00012486733284791592
5.641, 4.4414817147361756, -0.00012666414851176367
5.676, 4.444648043592224, -0.00012854826056276486
5.709, 4.4477242309262364, -0.00013038636696311939
5.741, 4.4508034206432345, -0.00013224060334608806
5.776, 4.4539802065991667, -0.00013424169611433472
5.804, 4.4570667405754989, -0.00013615662721688386
5.841, 4.4601391968486181, -0.00013887351770657785
5.876, 4.4632530749444967, -0.00014198909460827629
5.908, 4.4662765920003773, -0.00014347199647384368
5.941, 4.4693717116870557, -0.00014550647407430569
5.975, 4.4725767996880892, -0.00014798379961207146
6.009, 4.4756930014670164, -0.00015018196764104316
6.042, 4.4788130726019721, -0.00015229792735319778
6.075, 4.4820333592624149, -0.00015438661296694769
6.108, 4.4851640748292434, -0.00015631466512645051
6.142, 4.4882993054804761, -0.00015815904885821023
6.175, 4.4915357424981961, -0.00015998456851942043
6.209, 4.4946822375197675, -0.00016170006438297351
6.242, 4.4978332154448157, -0.00016336900848577311
6.275, 4.5010857936240489, -0.00016504665372306881
6.309, 4.5042469493517121, -0.0001666495032680863
6.342, 4.5074118730415309, -0.00016823225776028283
6.376, 4.510677983723606, -0.00016985580735327498
6.409, 4.5138530866200908, -0.00017143243304650134
6.442, 4.5170324423665038, -0.00017301811772235445
6.475, 4.5203140819518142, -0.00017466920194509334
6.508, 4.5235041427159137, -0.00017629560596822119
6.541, 4.5266983445012556, -0.00017794961784874889
6.575, 4.5299950514765417, -0.00017968634563272164
6.608, 4.5331988026731436, -0.00018140749397505652
6.642, 4.5364065104373452, -0.00018316417256811131
6.675, 4.5397171566730457, -0.00018500660855396721
6.708, 4.5429348841169919, -0.00018683892297952464
6.741, 4.5461555956051729, -0.00018869633392650388
6.775, 4.5494774191989924, -0.00019061707260452297
6.808, 4.552702953366504, -0.00019247045371817
6.839, 4.5559279923030669, -0.00019435239860842465
6.876, 4.5592506198946978, -0.00019634243358421639
6.908, 4.5624687204879901, -0.00019854564773125793
6.942, 4.5656489802714972, -0.00020248638884793859
6.975, 4.568893454236477, -0.0002037471869291349
7.008, 4.5721005295305917, -0.00020568614909296132
7.041, 4.575340861596036, -0.00020799997781379274
7.076, 4.5786837010566668, -0.00021027837628893219
7.109, 4.5819320987440566, -0.00021236694134417047
7.141, 4.5851840054269912, -0.0002143541120097296
7.175, 4.5885392921021602, -0.00021628148116117571
7.208, 4.5918006732881658, -0.00021805142898128669
7.241, 4.5950661108265782, -0.00021973278480966194
7.275, 4.5984364512712332, -0.00022139004268789903
7.308, 4.6017125338801508, -0.00022293675673340038
7.342, 4.6049925954944602, -0.00022442727395386838
7.376, 4.6083779324598915, -0.00022592133518664661
7.409, 4.6116684846446301, -0.00022733706650357775
7.441, 4.6149629079644257, -0.00022872833931125261
7.476, 4.6183619804881326, -0.00023014568726010011
7.508, 4.6216657457076655, -0.0002315136043089587
7.542, 4.6249732489509841, -0.00023288027517302332
7.5760000000000005, 4.6283857687925165, -0.00023429475817865982
7.609, 4.6317016601142837, -0.00023567602699552583
7.642, 4.635021259636356, -0.00023707111997943773
7.675, 4.6384461609431789, -0.00023852467643674578
7.708, 4.6417746342203214, -0.00023995099624128901
7.741, 4.645105659673864, -0.00024139211582608402
7.775, 4.6485423021879182, -0.00024289576363055093
7.809, 4.6518811721510938, -0.00024435102704841209
7.8420000000000005, 4.6552221854413256, -0.00024578177575746606
7.876, 4.6587433127087534, -0.00024729537218494185
7.909, 4.6620916302865751, -0.00024885643636072722
7.942, 4.6654393708530284, -0.0002506528143299994
7.976, 4.6688490908674325, -0.00025450970884845811
8.009, 4.6721218339825228, -0.0002556435050269718
8.042, 4.6754466256755558, -0.00025721465797057903
8.075, 4.6789110344266476, -0.00025923995533451194
8.108, 4.6822762770630613, -0.00026104507418988655
8.142, 4.6856437228976748, -0.00026269594424220734
8.176, 4.689118074454786, -0.00026424839978880262
8.208, 4.6924944098264847, -0.00026559789665784906
8.242, 4.6958739994735694, -0.00026680773560078345
8.275, 4.6993613247193586, -0.00026792188351647164
8.309, 4.7027502210498335, -0.0002688931920209429
8.342, 4.7061421850512861, -0.00026976801253439603
8.376, 4.7096419926151452, -0.00027057725532668832
8.408, 4.7130424280302803, -0.00027128961247031207
8.442, 4.716444748774979, -0.00027194046361445632
8.475, 4.7199549467376771, -0.00027255613097870588
8.509, 4.7233655559483676, -0.00027311188318439761
8.542, 4.7267787428988406, -0.00027363447298196412
8.575, 4.7302998558176421, -0.00027414638615833655
8.609, 4.7337203536459143, -0.00027462444351747351
8.642, 4.7371418030687726, -0.00027508950185480425
8.676, 4.7406694592952885, -0.00027556237278303326
8.709, 4.7440955677523551, -0.00027601395179583635
8.742, 4.7475240597734061, -0.00027645141371507412
8.776, 4.7510597380669388, -0.00027690285941187309
8.809, 4.7544939478120369, -0.00027732344495140233
8.841, 4.7579295223286975, -0.00027770291611735673
8.876, 4.7614713863280542, -0.00027804845346835177
8.908, 4.764910710426796, -0.000278413344379473
8.941, 4.7683952861019572, -0.00027925648555111166
8.976, 4.771988486298711, -0.00027915055575626461
9.008, 4.7754194839808477, -0.00027918367533640758
9.042, 4.7788628399788182, -0.00027927332924716915
9.076, 4.7824131050866008, -0.00027944224104327114
9.109, 4.7858615135059939, -0.00027956789622894863
9.141, 4.7893109424205784, -0.00027953441872447405
9.176, 4.7928690356153281, -0.00027935935912152041
9.208, 4.7963258836252134, -0.00027904608054883011
9.242, 4.7997851103449038, -0.00027861857588529855
9.275, 4.8033537438753564, -0.0002780754144863384
9.309, 4.8068208176558702, -0.00027746375469680894
9.342, 4.8102901981499677, -0.00027678244551726858
9.375, 4.8138681763327167, -0.00027602584038544857
9.408, 4.8173441827645869, -0.00027527389960109547
9.441, 4.8208224138538247, -0.00027452043717855805
9.475, 4.8244103846317676, -0.00027370957801956799
9.508, 4.8278960748117452, -0.0002728838599350648
9.542, 4.8313839143169499, -0.00027201892254904433
9.575, 4.8349808095354625, -0.00027108516874656057
9.609, 4.8384750884407888, -0.00027013495949548485
9.641, 4.8419715016364986, -0.00026914875582577553
9.675, 4.8455781997249039, -0.00026808861484784667
9.708, 4.8490818789689527, -0.00026697411158818548
9.742, 4.8525872795945091, -0.00026579415324020007
9.775, 4.8562021076500521, -0.00026454191099994706
9.809, 4.8597115279030652, -0.0002632824482183988
9.842, 4.8632208005953466, -0.000261972362393502
9.875, 4.8668385179045339, -0.00026057423120014715
9.908, 4.8703502492660444, -0.00025919675959900935
9.941, 4.8738534472994814, -0.00025798361044377348
9.975, 4.8774176921216776, -0.00025691154510889007
10.009, 4.8808675921162603, -0.00025467776600504041
10.041, 4.8843801701935474, -0.00025295133639904123
10.075, 4.888007165832148, -0.00025101081460315324
10.108, 4.8915300875823133, -0.00024905110653244364
10.141, 4.8950536930806585, -0.00024701043742308667
10.176, 4.898686918541598, -0.00024482756430510729
10.208, 4.9022135951501733, -0.00024263803672016894
10.241, 4.905737667799281, -0.00024039228327644944
10.275, 4.9093671078754921, -0.00023803112053673504
10.308, 4.9128874865626218, -0.00023570588400788125
10.342, 4.9164046115955173, -0.00023336307135348055
10.375, 4.9200248972154386, -0.00023094395539367333
10.408, 4.9235351928463995, -0.00022860084108465966
10.441, 4.927040193243915, -0.00022627584150197475
10.475, 4.9306475430341807, -0.00022391172549690325
10.509, 4.9341425282653706, -0.00022166032908084877
10.541, 4.9376300078445947, -0.00021946499227505962
10.575, 4.9412171328978776, -0.00021727296212960135
10.608, 4.9446921567663411, -0.0002152232760865406
10.641, 4.9481588293973422, -0.00021326173820684029
10.675, 4.9517241370014053, -0.00021133907689942295
10.709, 4.9551768448268652, -0.00020957496002039285
10.741, 4.9586196956860871, -0.00020792119277473012
10.775, 4.9621584270898591, -0.00020632348605202167
10.808, 4.9655824655931564, -0.00020486658993775967
10.842, 4.9689949700802316, -0.00020350344432204151
10.876, 4.9725671359204764, -0.00020216351162647729
10.908, 4.9759536504290658, -0.00020096277685441124
10.941, 4.9792870237209028, -0.00020333199223767151
10.975, 4.9826786888231824, -0.0002013268370495339
11.009, 4.9860155070250105, -0.00019987793545145008
11.042, 4.9893651863373352, -0.00019851000567653086
11.075, 4.9928065153502139, -0.00019717238146446905
11.108, 4.9961359717471394, -0.00019592017910957383
11.141, 4.9994539308238144, -0.00019471659019769998
11.176, 5.0028635400812851, -0.00019352695725351952
11.209, 5.0061631356210139, -0.00019242642927686242
11.242, 5.009451463735906, -0.0001913875397484805
11.276, 5.0128304231995511, -0.00019038759514415824
11.308, 5.0161000518410468, -0.00018949189948813287
11.341, 5.0193582107545227, -0.0001886778450364591
11.375, 5.022705297919507, -0.00018793073323047164
11.409, 5.0259435450789303, -0.0001873014267813124
11.441, 5.0291701919482703, -0.00018677436329907725
11.476, 5.0324852759158194, -0.00018634685389129458
11.509, 5.0356926604893983, -0.00018605062559828495
11.541, 5.0388883148854839, -0.00018587569571680793
11.575, 5.0421713568767554, -0.000185831808238063
11.608, 5.045347584934337, -0.00018592462997225962
11.641, 5.0485120460489252, -0.00018615561323785481
11.676, 5.0517621472956913, -0.00018654126297470226
11.708, 5.05490626856791, -0.00018706068425146778
11.742, 5.058038111864243, -0.00018772292402770356
11.775, 5.06125352280546, -0.00018855829639630105
11.808, 5.0643618555478529, -0.00018950862211917764
11.841, 5.0674570392780343, -0.00019058194662360551
11.875, 5.0706355191699295, -0.00019180391873081695
11.908, 5.0737091846071021, -0.0001931255264681537
11.941, 5.0767682506374054, -0.00019452955236742524
11.975, 5.0799070491143423, -0.00019616907225298457
12.008, 5.0829130920470096, -0.00019883978113746428
12.042, 5.0858729697873724, -0.00019949790338627985
12.075, 5.0889604241296409, -0.0002009291198681556
12.108, 5.0919696630671849, -0.00020252030154091781
12.142, 5.0949669222086627, -0.00020419713112788783
12.175, 5.0980445568381905, -0.00020596791641534431
12.208, 5.1010214345144744, -0.00020783888494207541
12.242, 5.1039869831704721, -0.00020976900323648465
12.276, 5.1070335164158021, -0.00021182263689546073
12.308, 5.1099808282009889, -0.00021388135842395072
12.341, 5.1129170869772924, -0.00021600649622871641
12.376, 5.1159329971692449, -0.00021827025050570958
12.405, 5.118849726079544, -0.0002205385997877444
12.441, 5.1217553586328757, -0.00022287923925766009
12.476, 5.1247397220748301, -0.00022537204992119077
12.509, 5.1276261720338594, -0.00022786762723210778
12.541, 5.1305019045643245, -0.00023044008965892731
12.576, 5.133456339688979, -0.00023317238934500819
12.608, 5.1363147047905482, -0.00023590374392266209
12.641, 5.1391625201728894, -0.00023870915788284271
12.676, 5.1420882946060846, -0.00024167650700983786
12.708, 5.1449189449806703, -0.00024462992824252327
12.742, 5.1477391594927049, -0.00024764868835718722
12.776, 5.1506366005574158, -0.00025082531303526084
12.809, 5.1534398674047397, -0.00025397000995934987
12.841, 5.1562329198554231, -0.00025716863266390884
12.876, 5.159102443973052, -0.00026051748895392958
12.908, 5.161877855874808, -0.00026380100740405695
12.942, 5.1646426845936304, -0.00026712236790346866
12.975, 5.1674824902633576, -0.00027056783920994105
13.009, 5.1702291038502812, -0.00027391766702599161
13.04, 5.1729645989671527, -0.00027725965839459386
13.076, 5.1757738567490739, -0.00028068047664677403
13.108, 5.1784903816582437, -0.00028404924716274549
13.142, 5.1811923728627853, -0.0002874654109066693
13.175, 5.1839652349313772, -0.00029109617757171592
13.208, 5.1866119696577124, -0.00029642241623739391
13.241, 5.1892189132863562, -0.00029919566465469682
13.275, 5.1919400997691723, -0.00030273391836640806
13.309, 5.1946022578549256, -0.00030660538690071079
13.341, 5.1972535222904472, -0.000310306162531443
13.376, 5.1999745969964941, -0.00031397094243286098
13.409, 5.2026046461972406, -0.0003173879129982944
13.442, 5.2052233515848174, -0.00032066335368011168
13.476, 5.2079136192893083, -0.0003238834603055328
13.508, 5.2105165352234311, -0.00032686091940278036
13.542, 5.2131095398594933, -0.00032969394584836918
13.575, 5.2157724674090362, -0.00033247020711535749
13.608, 5.2183481001282273, -0.00033503051345111875
13.642, 5.2209143496074226, -0.00033746520147207655
13.675, 5.2235510024218783, -0.00033984793841172376
13.708, 5.2261020199039923, -0.00034204152852370187
13.741, 5.2286430733047391, -0.00034412196293866296
13.775, 5.2312537893529569, -0.00034615706157439113
13.808, 5.2337797546229066, -0.00034802924712227379
13.842, 5.2362965172004285, -0.0003498058176666917
13.875, 5.2388817649426844, -0.00035154292271522003
13.908, 5.2413831055330187, -0.00035314377668319962
13.941, 5.2438753979728654, -0.0003546647300308276
13.976, 5.2464354322672078, -0.00035615368000257064
14.008, 5.2489124519605701, -0.00035753027205831712
14.041, 5.2513805784924878, -0.0003588404934046332
14.075, 5.2539165899585685, -0.00036012350057193032
14.108, 5.2563704441208152, -0.00036131406897889839
14.141, 5.2588149042913592, -0.00036244219654241259
14.176, 5.2613265670527394, -0.00036354074169269064
14.209, 5.2637992442780774, -0.00036455755999208216
14.241, 5.2662217668766003, -0.00036550320906551397
14.275, 5.2687072479708883, -0.00036641889341061863
14.308, 5.2711114689283907, -0.0003672425333513139
14.341, 5.2735063982502188, -0.00036799466133217204
14.375, 5.2759664080832431, -0.00036868848562734009
14.409, 5.2783458595203241, -0.00036927122705100306
14.441, 5.2807158843847049, -0.00036979759794220958
14.476, 5.2831493349275158, -0.00037034068519852382
14.509, 5.2855007564090792, -0.00037074566248319294
14.541, 5.287831443214297, -0.0003716862462651839
14.576, 5.2901831525822276, -0.00037424499468272142
14.609, 5.292426417160728, -0.00037365616289650725
14.641, 5.294701308933397, -0.00037374294330403323
14.676, 5.2970903654938519, -0.00037420235657536013
14.709, 5.2994013754343463, -0.00037448159469607995
14.742, 5.3017037550370985, -0.00037468138398629027
14.776, 5.3040686092760687, -0.00037475166619597961
14.808, 5.3063562249058043, -0.00037468434243874096
14.839, 5.3086351255896966, -0.00037449504018281869
14.876, 5.3109764815218821, -0.00037414709260726742
14.908, 5.3132792712705736, -0.00037367392513060671
14.941, 5.3155350449644692, -0.00037309886705865169
14.975, 5.3178504681220131, -0.00037239190405640918
15.009, 5.3200908666941018, -0.000371608002070973
15.04, 5.3223227727276301, -0.00037073741105399976
15.076, 5.3246161291983407, -0.00036975873030890128
15.108, 5.326835232142435, -0.00036873614059116256
15.142, 5.3290463506923373, -0.00036765021969808364
15.175, 5.3313178756497814, -0.00036647376090294409
15.209, 5.3335145847467702, -0.00036528719373294332
15.241, 5.3357016000663569, -0.0003640833226626316
15.276, 5.3379467218505399, -0.00036283708797786389
15.309, 5.3401186885961911, -0.00036160313103699609
15.342, 5.3422831706527525, -0.00036033820671138291
15.375, 5.3445075312218027, -0.00035899932404250885
15.408, 5.3466601071381339, -0.00035766471197721682
15.441, 5.3488047082877364, -0.00035629607963911532
15.476, 5.351008078514611, -0.00035485112662355067
15.508, 5.3531397550642676, -0.0003534115925037953
15.541, 5.3552640497604154, -0.00035194240493717868
15.575, 5.3574471078890378, -0.0003503716672442659
15.608, 5.3595597151539422, -0.00034877586458061463
15.642, 5.3616649919808204, -0.00034714735415611683
15.675, 5.3638284293681595, -0.00034543816456341676
15.708, 5.3659219624574179, -0.00034375398578817605
15.742, 5.3680081093406855, -0.00034204892865729382
15.776, 5.3701516705097934, -0.00034027462431069613
15.809, 5.3722249551198722, -0.00033854115161831701
15.841, 5.3742903404050963, -0.00033679517803278527
15.876, 5.3764120296485363, -0.00033497983526199857
15.908, 5.3784643941755554, -0.00033320196228764652
15.941, 5.3805087543824053, -0.00033140806804464852
15.975, 5.3826086325303848, -0.00032955012925911254
16.009, 5.3846390950549576, -0.00032776042173461838
16.041, 5.3866605739524429, -0.00032596998281031301
16.076, 5.3887361915378635, -0.00032409707211602758
16.108, 5.3907399899928858, -0.00032230435922923705
16.141, 5.392713383260948, -0.00032217296528324512
16.175, 5.3946865492758214, -0.00031923509165767664
16.207, 5.3965958631017985, -0.00031650449760801686
16.242, 5.3985524766430038, -0.00031414593074059917
16.275, 5.4005949307558572, -0.00031197662128595237
16.308, 5.4025705149492218, -0.00030969375377711353
16.341, 5.4045377621079709, -0.00030743080433226331
16.376, 5.4065580751169282, -0.00030508566628779026
16.409, 5.4085122692664642, -0.00030279848756686786
16.441, 5.4104588843348536, -0.00030050295938721747
16.476, 5.4124584837715002, -0.00029812971264368658
16.508, 5.4143922290694801, -0.00029582122661167597
16.542, 5.416317365402044, -0.00029351319119846767
16.575, 5.418294428406746, -0.00029113596540378728
16.608, 5.4202074924030246, -0.00028883288250873817
16.635, 5.4221138141408058, -0.00028653957840301812
16.676, 5.4240723137165983, -0.00028418953269029803
16.708, 5.4259674664914241, -0.00028192533170762576
16.742, 5.4278560524732642, -0.00027968205671471404
16.775, 5.4297967387289745, -0.00027739465152308281
16.808, 5.43167464751828, -0.00027520238314190346
16.841, 5.4335458993491823, -0.00027304149790581165
16.876, 5.4354687897626315, -0.00027084876294249279
16.909, 5.437329448532525, -0.00026875574357577747
16.942, 5.4391834714599643, -0.00026670210787088037
16.975, 5.4410885629812835, -0.00026462775628405754
17.009, 5.4429319594784147, -0.00026265890161572661
17.041, 5.4447687470579433, -0.00026073751585712897
17.076, 5.4466560908450425, -0.00025880805491703123
17.108, 5.4484817914676054, -0.00025698726990643306
17.141, 5.4503008992399744, -0.00025521998047389402
17.175, 5.4521700678867013, -0.00025345372514026381
17.209, 5.4539786450671217, -0.00025179761376700169
17.241, 5.4557806250697398, -0.00025020016703247385
17.275, 5.4576320431397702, -0.00024861490192680622
17.308, 5.4594231910695887, -0.00024713681503692008
17.342, 5.4612073763210995, -0.00024572118360542932
17.375, 5.4630394575648458, -0.00024432827232453844
17.401, 5.4648100909178821, -0.00024304320518990678
17.442, 5.4665720077629087, -0.0002418247780382145
17.475, 5.4683804026446321, -0.000240636431725204
17.509, 5.4701293538529887, -0.00023954677957214958
17.541, 5.4718720818953388, -0.0002385185180998354
17.576, 5.4736623581691513, -0.0002375232871946601
17.608, 5.4753943992956327, -0.00023661891997583069
17.641, 5.4771198888890149, -0.000235770668617852
17.676, 5.4788920514465369, -0.00023495055486087859
17.709, 5.4806063297695999, -0.00023420327389768502
17.741, 5.4823139723120402, -0.00023350060729326915
17.776, 5.4840680562173949, -0.00023281816667036006
17.809, 5.4857647465810926, -0.00023219988211650006
17.841, 5.4874547024453424, -0.00023163644485395032
17.875, 5.489189692066561, -0.00023110956435344059
17.909, 5.4908663612690045, -0.00023062035250288491
17.941, 5.4925364913726034, -0.00023014340353566716
17.975, 5.4942434761026364, -0.00022972909392742895
18.009, 5.4958697004114079, -0.00023120809117559049
18.041, 5.4974363217116924, -0.00023088589582433399
18.076, 5.4990268208052164, -0.00022922583368025274
18.108, 5.5005994409916834, -0.00022811732448788885
18.141, 5.5022321355626485, -0.00022751904703902898
18.176, 5.5039227255838856, -0.00022687459558798565
18.209, 5.5055589340709128, -0.00022623570888686133
18.242, 5.5071883374621544, -0.00022562638175637476
18.276, 5.5088616032473441, -0.00022500096230439315
18.308, 5.5104795243942784, -0.00022439440199445185
18.341, 5.5120909512580401, -0.00022378737579054083
18.375, 5.5137459592156226, -0.00022316016231823369
18.409, 5.5153460735490549, -0.00022255004890891936
18.441, 5.5169384181112537, -0.00022193965447920975
18.475, 5.5185727950953734, -0.00022130821011096755
18.508, 5.5201529854400011, -0.00022069315875598649
18.541, 5.5217272270469211, -0.00022007694871346948
18.575, 5.5233450201960688, -0.00021944099585017267
18.608, 5.5249103523627427, -0.00021882404974300486
18.642, 5.5264702722093801, -0.00021820864191108167
18.676, 5.5280733648822657, -0.00021757666991956996
18.708, 5.5296247266489846, -0.00021696584119343482
18.741, 5.5311707004390316, -0.00021635867570313964
18.775, 5.5327594024106812, -0.00021573741749375856
18.808, 5.5342967863749797, -0.00021514062139422034
18.841, 5.5358288653534524, -0.00021455077829102373
18.875, 5.5374032516122789, -0.00021395077210607075
18.908, 5.5389267454643063, -0.00021337662972743395
18.942, 5.540444865393451, -0.0002128109231795607
18.975, 5.5420048725474338, -0.00021223756479241121
19.009, 5.5435144318099336, -0.00021169050283838893
19.041, 5.5450186513754511, -0.0002111540691492833
19.075, 5.5465643594877392, -0.0002106127279054903
19.109, 5.5480596627648673, -0.00021009927473692973
19.142, 5.5495496540562979, -0.00020959841482818783
19.176, 5.5510807569026328, -0.00020909555589589606
19.209, 5.5525623481303921, -0.0002086208984091759
19.241, 5.5540386975076048, -0.0002081601107427346
19.276, 5.5555553314093862, -0.00020769872079361187
19.308, 5.5570229003631342, -0.00020726719919461411
19.342, 5.5584849464621922, -0.00020685112498206431
19.375, 5.5599868952533082, -0.000206438251146293
19.409, 5.5614398909003198, -0.00020605321805742218
19.441, 5.5628877789757967, -0.000205683915965575
19.475, 5.5643756703725709, -0.00020532021819636852
19.508, 5.5658154887716664, -0.00020498352229940178
19.541, 5.5672502425655956, -0.00020466318215364471
19.576, 5.5687246373098747, -0.00020434969155645676
19.608, 5.5701513438439729, -0.0002040616943437823
19.641, 5.5715729725076688, -0.00020378958998587467
19.675, 5.5730337631479641, -0.00020352487144252628
19.708, 5.5744472204781248, -0.00020328194647793431
19.742, 5.5758555292866472, -0.00020305375871801387
19.776, 5.5773020275206218, -0.00020283280236049807
19.808, 5.5787013317099436, -0.00020263126654806052
19.841, 5.5800952368631229, -0.0002024393360208849
19.876, 5.5815270745154617, -0.00020224888303057526
19.909, 5.5829120655870446, -0.00020206910145524523
19.942, 5.5842915855968043, -0.00020189228604738655
19.975, 5.585708077172602, -0.00020171064316316166
20.008, 5.5870781971401593, -0.00020151211605746157
20.04, 5.5884427582089824, -0.00020130696085499919
20.075, 5.5898440035762578, -0.00020109102691549696
20.108, 5.5911987392092897, -0.00020089745100500183
20.142, 5.5925464935087446, -0.00020073262866424551
20.176, 5.5939278746154235, -0.0002005774954300947
20.208, 5.5952619898023004, -0.00020044328423791662
20.242, 5.5965858405320059, -0.00020034313294136225
20.275, 5.5979361661011913, -0.00020045052867350763
20.308, 5.5992120380191865, -0.0002029348841998111
20.341, 5.6004249908566273, -0.0002037917042445982
20.375, 5.6016424273856611, -0.00020206819533545898
20.408, 5.6028374820158078, -0.00020099653858630077
20.441, 5.6040790772512565, -0.00020037882589924198
20.475, 5.6054225762651839, -0.00020018431728081957
20.509, 5.606727724687067, -0.00019978945575683816
20.541, 5.608029002198565, -0.00019943707962733531
20.576, 5.6093650539032609, -0.00019920512393047869
20.609, 5.6106566626192, -0.00019896195901449832
20.641, 5.6119429716196692, -0.00019869620621343456
20.675, 5.6132640745196243, -0.00019840346926701426
20.708, 5.6145417862544784, -0.00019810034993002782
20.742, 5.6158139731308827, -0.00019778026696253104
20.775, 5.6171194433018377, -0.00019743204756396236
20.808, 5.6183802398595608, -0.0001970928789081605
20.841, 5.6196341802136729, -0.00019672671805106228
20.875, 5.6209210696619785, -0.00019633060641251204
20.908, 5.6221657989310803, -0.00019592927903485719
20.941, 5.6234063474024794, -0.00019551434785959458
20.975, 5.6246813430646752, -0.00019507405877639092
21.008, 5.6259152900511076, -0.00019463578982643171
21.041, 5.6271450320065259, -0.00019420257080030872
21.076, 5.628408834689508, -0.00019375460841118829
21.108, 5.6296315355878477, -0.00019331451672186521
21.142, 5.6308499863954369, -0.00019286726578316113
21.175, 5.6321021415051362, -0.00019239885994907889
21.209, 5.6333138654068531, -0.00019193708151056988
21.241, 5.6345213522782869, -0.00019146782301558468
21.275, 5.6357621889967051, -0.00019097628723055047
21.309, 5.6369629183984431, -0.00019049163307130094
21.341, 5.6381594136500084, -0.00019000010627652633
21.375, 5.639388923447668, -0.00018948583415272184
21.406, 5.6405786686462376, -0.00018897919130325989
21.442, 5.64176418796829, -0.00018846619298503752
21.474, 5.6429821259306951, -0.00018792950589745474
21.508, 5.6441606417067698, -0.00018740120250156813
21.542, 5.6453349671389725, -0.00018686590469524304
21.575, 5.646541665911168, -0.00018630668269105816
21.608, 5.6477093105543039, -0.00018575672906566543
21.642, 5.6488727886785348, -0.00018519980793952186
21.675, 5.6500680658214781, -0.00018461868804829282
21.708, 5.6512246410953715, -0.00018404761296456754
21.741, 5.6523770926520838, -0.00018346987003810234
21.775, 5.6535613046692514, -0.00018286719554368237
21.809, 5.654707182885387, -0.00018227529021476089
21.841, 5.6558489659769098, -0.00018167686868371261
21.875, 5.6570222048236767, -0.00018105290444426057
21.908, 5.6581574563988486, -0.00018044050351992373
21.941, 5.6592886467619756, -0.00017980952075069133
21.976, 5.6604504058723277, -0.00017914708278170651
22.009, 5.6615745265567687, -0.00017849776802995681
22.042, 5.6626946419283719, -0.00017784348833609607
22.075, 5.6638456285020569, -0.00017716442314940291
22.108, 5.6649593573191703, -0.00017650183715926362
22.142, 5.6660691033943094, -0.00017583721065185184
22.176, 5.6672094199533696, -0.0001751511701427499
22.208, 5.6683128099941245, -0.00017448503800056851
22.241, 5.6694119862714034, -0.00017382021329915236
22.276, 5.6705414186770788, -0.00017313639811980798
22.308, 5.6716342744636288, -0.00017247491053934454
22.341, 5.6727232086137898, -0.00017181676015704458
22.376, 5.6738421189214279, -0.00017114216309572751
22.408, 5.6749247732360439, -0.00017049161958193748
22.441, 5.6760035131336579, -0.00016984597726592339
22.475, 5.6771119083067347, -0.00016918497902267788
22.508, 5.6781843320785512, -0.00016854839486348791
22.541, 5.679252794951557, -0.0001679183821711409
22.575, 5.680350507707927, -0.00016727486706552349
22.608, 5.681412387937173, -0.00016665680844090791
22.642, 5.6824875155185177, -0.00016603333762407044
22.675, 5.6835738192906939, -0.00016540757354073594
22.708, 5.6846237714979466, -0.00016480373560028732
22.742, 5.6856694659147848, -0.0001642034896922217
22.775, 5.6867431595372775, -0.00016358761653092045
22.809, 5.687781455910617, -0.00016299199252403515
22.841, 5.6888153474275169, -0.00016239825048127161
22.875, 5.6898770204681792, -0.00016178715953759084
22.908, 5.6909034780270691, -0.00016119437351808981
22.941, 5.6919254823136933, -0.00016060675273472447
22.975, 5.6929746173207265, -0.0001600053209949715
23.009, 5.6939884924865574, -0.00015943391452299773
23.041, 5.6949973889302852, -0.00015885995362143227
23.075, 5.6960328878673758, -0.00015826740618181225
23.108, 5.6970337098081094, -0.00015769490744577285
23.142, 5.6980303605647853, -0.00015710844894877067
23.175, 5.6990521228101665, -0.0001565100154420704
23.208, 5.7000381545545702, -0.00015595608761285031
23.242, 5.7010117196943337, -0.00015556892104348998
23.276, 5.7019821808408881, -0.00015712834041975925
23.308, 5.7028659241972779, -0.00016245734155887864
23.341, 5.7036964351957566, -0.00015951143376487776
23.375, 5.7045345341681717, -0.00015700587803311027
23.408, 5.705359776783598, -0.0001552191327890754
23.441, 5.7062226961426621, -0.00015387820779146945
23.475, 5.707174290377572, -0.0001528685021908892
23.509, 5.7081543344242691, -0.00015228291482356635
23.542, 5.709128814784644, -0.00015157562973050527
23.575, 5.710129724668124, -0.00015087414213845645
23.608, 5.711097201491544, -0.00015017015959858319
23.641, 5.7120599913688554, -0.00014946437312904018
23.675, 5.7130479966374583, -0.00014873635420464926
23.708, 5.7140028695122762, -0.00014802341077133454
23.742, 5.7149532483987997, -0.0001473061034818239
23.775, 5.7159286696310643, -0.00014656269042575624
23.809, 5.7168713715034727, -0.00014583772381470298
23.841, 5.7178091755059617, -0.00014511081212469022
23.875, 5.7187702999067866, -0.00014436170829167203
23.908, 5.7196965204831196, -0.00014363955712205526
23.942, 5.720614408141361, -0.00014292555215113635
23.976, 5.7215516429936075, -0.00014220178505796368
24.008, 5.7224529143187493, -0.00014150976344802537
24.042, 5.7233461849583547, -0.00014082584850223594
24.074, 5.7242606256832573, -0.00014012664902865861
24.108, 5.7251434649503494, -0.00013945207632465225
24.141, 5.7260220837006317, -0.00013878139601893879
24.176, 5.726940509465325, -0.00013808116886313107
24.208, 5.7278155344341544, -0.00013741617767329579
24.241, 5.7286883347347288, -0.00013675442304524047
24.275, 5.729586644842704, -0.00013607671358353634
24.308, 5.7304571913986404, -0.00013542391060213571
24.341, 5.7313258652308532, -0.00013477711049636034
24.375, 5.7322196651976771, -0.00013411698992607312
24.409, 5.7330855775668645, -0.00013348335540341467
24.441, 5.7339493742663832, -0.00013285755935737759
24.476, 5.7348377182642283, -0.00013222078559977366
24.508, 5.735698120717732, -0.00013161127300710624
24.532, 5.7365562249779822, -0.00013101095385844829
24.576, 5.7374387207516069, -0.00013040185104607081
24.607, 5.738293074681744, -0.00012982062684268917
24.642, 5.7391449835321637, -0.00012924983326498315
24.676, 5.7400207809393722, -0.00012867246798168057
24.709, 5.7408687557724836, -0.00012812248971235871
24.738, 5.7417142087554627, -0.00012758295714281035
24.775, 5.7425832599669038, -0.00012703775271672861
24.808, 5.743424601430867, -0.00012651962005242972
24.842, 5.7442633941324335, -0.00012601270285351082
24.875, 5.7451256819047938, -0.00012550145731711517
24.908, 5.7459603856632384, -0.00012501616946667074
24.941, 5.7467924130963013, -0.00012454206950176982
24.976, 5.7476476653250224, -0.00012406429967721426
25.009, 5.748475488574905, -0.00012361172453253665
25.041, 5.7493004019889558, -0.00012317048930098748
25.075, 5.7501622455431587, -0.00012272030400905384
25.109, 5.75098297935192, -0.00012230038484131891
25.141, 5.7518139382466744, -0.00012188582974538064
25.175, 5.7526539884710886, -0.00012147561471416607
25.209, 5.7534664908279067, -0.00012108891101317252
25.241, 5.7542762694819647, -0.00012071264509881679
25.275, 5.7551085622142013, -0.00012033551698729915
25.308, 5.7559140873063672, -0.00011997966719605972
25.341, 5.7567168942629987, -0.00011963388604778738
25.375, 5.757541977930777, -0.0001192876199537974
25.408, 5.7583404856579028, -0.00011896113973867033
25.442, 5.7591362607438228, -0.0001186440880327652
25.476, 5.7599540805226788, -0.00011832671621150955
25.508, 5.7607455246755945, -0.00011802726181744418
25.542, 5.7615342280830841, -0.00011773619146686864
25.575, 5.7623447498370455, -0.00011744567471678982
25.608, 5.7631291042627533, -0.00011717199613643638
25.641, 5.7639107169324095, -0.00011690623269286577
25.675, 5.7647139259224218, -0.00011664014245541148
25.708, 5.7654911814482821, -0.00011638920880483583
25.742, 5.7662656991693044, -0.00011614531108923042
25.776, 5.7670613680152263, -0.00011590086999760839
25.809, 5.7678313051820576, -0.00011567000331818955
25.842, 5.7685985268122604, -0.00011544522503394894
25.875, 5.769386925878635, -0.00011521965499795737
25.909, 5.7701498313145319, -0.0001150063278853337
25.942, 5.7709100312900619, -0.00011479824714443666
25.976, 5.7716911982956063, -0.00011458891477547974
26.009, 5.7724470895951301, -0.00011439030849063475
26.041, 5.7732002848878379, -0.00011419602515918649
26.076, 5.7739740154123727, -0.00011399988228321131
26.108, 5.7747226927563693, -0.00011381318048844995
26.142, 5.7754686989814363, -0.00011362993399749707
26.175, 5.7762352642338932, -0.00011344421209447697
26.208, 5.7769770443924369, -0.00011326678618403829
26.242, 5.7777161626574109, -0.00011309183267235201
26.269, 5.7784756294620747, -0.00011291353322234479
26.309, 5.7792104865444953, -0.00011274190062613649
26.341, 5.7799425099113204, -0.00011257111047013948
26.375, 5.7806944344378985, -0.00011239568910263149
26.408, 5.7814219577306929, -0.00011222642967692595
26.441, 5.7821468203846909, -0.0001120573637464142
26.476, 5.782891575153255, -0.00011187414895614505
26.508, 5.7836118802832672, -0.00011168995173386497
26.541, 5.7843294341624034, -0.00011150172399489702
26.576, 5.7850665717009546, -0.00011130517333004924
26.609, 5.7857796541915665, -0.00011111222888074983
26.641, 5.7864898255873074, -0.00011091737929636871
26.676, 5.7872193462079649, -0.00011071508684292531
26.709, 5.7879250446974888, -0.00011051720179514411
26.742, 5.7886280127319116, -0.00011031777241795691
26.775, 5.7893501268160961, -0.00011011059189450398
26.809, 5.7900486419796007, -0.00010990803644839776
26.842, 5.7907444373185299, -0.00010970381614705614
26.876, 5.7914591658336025, -0.00010949145789901719
26.908, 5.7921505213171303, -0.00010928371872762818
26.941, 5.7928391704120203, -0.00010907412035550068
26.974, 5.79354654058017, -0.00010885606586518808
27.009, 5.7942307684333887, -0.00010864320511785275
27.041, 5.7949123060229635, -0.00010843205661603637
27.075, 5.7956121510960044, -0.00010821621182603953
27.108, 5.7962890775354516, -0.00010800743651866624
27.141, 5.7969633293214402, -0.00010780880210786463
27.175, 5.7976558774310405, -0.00010761051521463557
27.209, 5.7983256663119542, -0.00010742394683250042
27.241, 5.7989927321561758, -0.00010724431482425144
27.276, 5.7996779787100516, -0.00010706479011567081
27.308, 5.8003407317536242, -0.0001068958303281684
27.341, 5.8010004164812994, -0.00010673442921846729
27.375, 5.8016775082252829, -0.00010658117802211582
27.408, 5.8023297001241847, -0.00010650939636592812
27.442, 5.8029748412663356, -0.00010651884438926414
27.476, 5.8036303623603862, -0.00010670620921614517
27.508, 5.8042458616144028, -0.00010764624159883177
27.542, 5.8048204961963954, -0.00011195398431958033
27.575, 5.8053510415875431, -0.00012136237694763941
27.609, 5.8058091329013184, -0.00012063398353059066
27.641, 5.8062350723083131, -0.00011705222300108363
27.676, 5.8066604884756545, -0.00011432608782783123
27.708, 5.8070790666745209, -0.0001121696061641314
27.741, 5.8075209169241946, -0.0001103365742943732
27.776, 5.8080187893943558, -0.00010898159888581826
27.809, 5.8085610887662948, -0.00010807140436648195
27.841, 5.8091762087746188, -0.00010750994341932904
27.875, 5.809870773125307, -0.00010730540014821059
27.909, 5.8105396560253961, -0.00010695186251952757
27.938, 5.8112040048988991, -0.00010674455370970979
27.975, 5.8118849677516797, -0.00010645701891186256
28.009, 5.8125415694381974, -0.00010620363501130698
28.041, 5.8131935720145407, -0.00010594368294747259
28.076, 5.8138614779419173, -0.00010567145144209663
28.109, 5.8145058712739752, -0.00010538982907893698
28.141, 5.8151462244980223, -0.0001050971911263719
28.175, 5.8158025010654208, -0.00010478464786016464
28.208, 5.8164359979168063, -0.00010446735029323139
28.242, 5.8170657296475587, -0.00010414094958825322
28.275, 5.8177112379208582, -0.00010379565880696581
28.308, 5.8183342724973715, -0.00010344944134199995
28.342, 5.8189533561617894, -0.00010309530578365
28.375, 5.8195871694473063, -0.00010271540486232953
28.408, 5.8201975257000909, -0.00010239709958142144
28.441, 5.8208018577392071, -0.00010219618521629751
28.475, 5.8214182563052246, -0.00010187795396272842
28.508, 5.8220099881723906, -0.00010149257798285768
28.541, 5.8225947455219886, -0.00010109268011928026
28.576, 5.8231908381711062, -0.00010068989429704076
28.609, 5.8237637077713122, -0.00010031021141131447
28.642, 5.8243312866508594, -9.993878860096745e-05
28.676, 5.8249123248340133, -9.9564643465223959e-05
28.709, 5.8254736981118809, -9.920796479664576e-05
28.741, 5.8260336067152272, -9.8859551868871019e-05
28.776, 5.8266102298825677, -9.85004593024839e-05
28.809, 5.8271693540593983, -9.8151685504880551e-05
28.842, 5.8277275819245196, -9.7799652315375899e-05
28.876, 5.828302215169999, -9.7434046588907756e-05
28.909, 5.8288591587938887, -9.7077108507341938e-05
28.941, 5.8294149781406173, -9.6718080596439941e-05
28.972, 5.8299867465663002, -9.6345486258957294e-05
29.008, 5.8305407097034969, -9.5981288153500492e-05
29.041, 5.8310933720530986, -9.5615210575067066e-05
29.076, 5.8316619043194962, -9.5235405648449095e-05
29.107, 5.8322125834265517, -9.4864262657512431e-05
29.141, 5.8327618137008921, -9.4491272985600393e-05
29.175, 5.8333266488808935, -9.4104687853388091e-05
29.208, 5.8338736142128802, -9.3727512350694157e-05
29.24, 5.8344190157711617, -9.3349864404466534e-05
29.275, 5.8349798025470454, -9.2947571606255116e-05
29.308, 5.835522750472216, -9.2545998666104961e-05
29.342, 5.8360640533061474, -9.2142611336230743e-05
29.375, 5.8366203729550667, -9.1725391709034261e-05
29.408, 5.8371589058683595, -9.1319469818970211e-05
29.441, 5.8376956099248973, -9.091335836784457e-05
29.475, 5.8382472882849594, -9.0494787817140725e-05
29.508, 5.8387812753800548, -9.008899295660276e-05
29.541, 5.8393135096809372, -8.9684304139192838e-05
29.575, 5.8398697659967072, -8.9261724485243077e-05
29.608, 5.8403992602939407, -8.8860251711458696e-05
29.642, 5.8409265938940935, -8.8460825129141245e-05
29.676, 5.8414685052630144, -8.8051879262743792e-05
29.708, 5.8419929021144616, -8.7657879260188547e-05
29.741, 5.8425154625425142, -8.7267243127529505e-05
29.775, 5.8430524248038669, -8.6868259104006855e-05
29.808, 5.843571933766035, -8.6484864510144103e-05
29.841, 5.8440894603500615, -8.610564826669845e-05
29.876, 5.8446209793540618, -8.5719496054669452e-05
29.908, 5.8451436053345782, -8.5343890169908393e-05
29.941, 5.8456545810240721, -8.4980276510353313e-05
29.975, 5.8461774284990682, -8.4615906059356478e-05
30.009, 5.8466807735102098, -8.4275997516713316e-05
30.041, 5.8471788704357577, -8.3957953653563151e-05
30.075, 5.8476861091541599, -8.3658480475691478e-05
30.109, 5.848172117783939, -8.3392576587818483e-05
30.142, 5.8486513605526218, -8.314771032873856e-05
30.175, 5.8491384201882504, -8.2913765032253988e-05
30.209, 5.8496048204566584, -8.2701247052479975e-05
30.241, 5.8500650644523207, -8.2500192102273894e-05
30.276, 5.8505337973737683, -8.2302300942515441e-05
30.308, 5.8509841863968735, -8.2117079980461002e-05
30.341, 5.8514306594561249, -8.1936902779354185e-05
30.375, 5.8518882725140742, -8.1754728469488403e-05
30.408, 5.8523313338247851, -8.1580027324815101e-05
30.441, 5.8527744498534577, -8.1406524307474714e-05
30.475, 5.8532328709374353, -8.1228091703391519e-05
30.508, 5.8536793041849648, -8.1055416764870311e-05
30.542, 5.8541268449811739, -8.0883393525957173e-05
30.575, 5.8545893591379041, -8.0706810301744454e-05
30.609, 5.8550392341019197, -8.0536173641260878e-05
30.641, 5.8554896869062665, -8.0366403765745674e-05
30.675, 5.8559546829161171, -8.0192278104554109e-05
30.709, 5.8564065051608321, -8.0024128505257723e-05
30.741, 5.8568583614993805, -7.9856959832013053e-05
30.776, 5.8573243804487083, -7.9685569383588557e-05
30.808, 5.8577768291200289, -7.9520096437121158e-05
30.842, 5.8582289696480681, -7.9355584261006629e-05
30.875, 5.8586948176780123, -7.9186921632772876e-05
30.909, 5.8591468025477802, -7.902400423085153e-05
30.941, 5.8595983203269135, -7.8861903193261666e-05
30.976, 5.8600634012626918, -7.8695525130160023e-05
31.009, 5.8605144109928, -7.8534654400165733e-05
31.042, 5.8609646191567553, -7.837443983342541e-05
31.076, 5.8614281705690381, -7.8209781034087675e-05
31.109, 5.8618775003747023, -7.8050337198124823e-05
31.141, 5.862325940619896, -7.7891017659945992e-05
31.175, 5.8627874353551963, -7.7727481899450408e-05
31.208, 5.8632345966942809, -7.7568320966989884e-05
31.241, 5.8636807208970909, -7.7409775648975106e-05
31.275, 5.8641395570525328, -7.7246597368504975e-05
31.308, 5.8645840159697791, -7.7088184007741747e-05
31.341, 5.8650273332157159, -7.6929678782300016e-05
31.375, 5.8654833068820142, -7.6766037148091288e-05
31.408, 5.8659323022848477, -7.6600714821419157e-05
31.442, 5.8663727227533071, -7.6437791055744238e-05
31.476, 5.8668253196638371, -7.6269392276509166e-05
31.509, 5.8672635600291816, -7.61038842812947e-05
31.541, 5.8677005153905117, -7.5937477666862757e-05
31.576, 5.8681496613637272, -7.5765624232420885e-05
31.608, 5.8685845055324988, -7.5597947942972654e-05
31.642, 5.8690179215851268, -7.5429514274783185e-05
31.675, 5.8694635022834714, -7.5255314871379184e-05
31.708, 5.8698948546694849, -7.5085547954283446e-05
31.739, 5.8703248391826381, -7.4915326623541687e-05
31.775, 5.8707668654560052, -7.473937615679525e-05
31.809, 5.8711947183363584, -7.4568810849334286e-05
31.841, 5.8716211507979654, -7.4397497667092567e-05
31.876, 5.8720594386062501, -7.4220435706173456e-05
31.909, 5.8724836220518029, -7.4048071411193236e-05
31.94, 5.8729063592257953, -7.3875084190816258e-05
31.976, 5.8733408170161487, -7.3696496984626433e-05
32.009, 5.8737612667433607, -7.3522762010534091e-05
32.042, 5.8741802583306182, -7.3348418792006841e-05
32.075, 5.8746108416470504, -7.3168580612324537e-05
32.108, 5.8750275198416846, -7.2993700653659505e-05
32.141, 5.8754427318688389, -7.281834781888576e-05
32.175, 5.8758693199983432, -7.2637460725500315e-05
32.208, 5.8762821122441427, -7.2461613925412375e-05
32.241, 5.8766934405480518, -7.228535972993283e-05
32.276, 5.877116116976091, -7.2103587041263647e-05
32.309, 5.8775250050448316, -7.1926866526284214e-05
32.341, 5.8779324267833593, -7.1749949486356164e-05
32.372, 5.8783510811410178, -7.1567564059301343e-05
32.408, 5.8787561817978373, -7.1390366367986288e-05
32.441, 5.8791598255633257, -7.1212634656575498e-05
32.475, 5.8795746017880477, -7.1029129322565935e-05
32.509, 5.8799758523321861, -7.0850795133767071e-05
32.541, 5.8803754466818274, -7.0672260757636814e-05
32.575, 5.8807860322395618, -7.0488307048733139e-05
32.609, 5.881183313791472, -7.0310313664115402e-05
32.641, 5.88157915399578, -7.0132721397292487e-05
32.674, 5.8819858799063649, -6.99499064811974e-05
32.709, 5.8823793056672944, -6.9772534151879692e-05
32.741, 5.8827712896965583, -6.9595055174505251e-05
32.775, 5.8831739275194916, -6.9411851625688213e-05
32.807, 5.8835634866467874, -6.9232882234146392e-05
32.842, 5.8839515240204907, -6.9053434368776656e-05
32.872, 5.8843502059182908, -6.8869182551463713e-05
32.909, 5.8847359448720331, -6.8691216992302256e-05
32.942, 5.8851202243942158, -6.851230421895726e-05
32.976, 5.8855150141017418, -6.8326289344605197e-05
33.009, 5.8858969252737747, -6.8145114819066465e-05
33.041, 5.8862773638454167, -6.7963703363025307e-05
33.076, 5.8866679747350812, -6.7776027401689949e-05
33.109, 5.8870458219537225, -6.7593321344205939e-05
33.141, 5.887422211985716, -6.741033461970489e-05
33.175, 5.8878088616588009, -6.7221265953986643e-05
33.209, 5.8881828826547373, -6.7037343021505706e-05
33.241, 5.8885554512220848, -6.685298393650137e-05
33.275, 5.8889381654875814, -6.6662511081632086e-05
33.308, 5.8893083712240175, -6.6477216053227183e-05
33.341, 5.8896771320654242, -6.6291612297189492e-05
33.375, 5.8900559268826438, -6.6099844005016855e-05
33.409, 5.8904223334892665, -6.59132396572029e-05
33.44, 5.8907872215896164, -6.5726260617313009e-05
33.475, 5.8911619504628971, -6.5533226950269637e-05
33.508, 5.891524420331252, -6.5345471725366728e-05
33.541, 5.891885471734791, -6.5157316885831797e-05
33.576, 5.8922562652644421, -6.4963016811438548e-05
33.608, 5.892614944050683, -6.4774119209339882e-05
33.642, 5.892972137789779, -6.4584861765120937e-05
33.676, 5.8933390412226814, -6.4389424184352584e-05
33.708, 5.89369394231454, -6.4199408859979022e-05
33.741, 5.8940474495217403, -6.400908979817526e-05
33.775, 5.8944105650653684, -6.3812502460113072e-05
33.809, 5.8947617965670212, -6.362134756414506e-05
33.842, 5.8951116420699963, -6.3429946572893031e-05
33.867, 5.8954709883841492, -6.323229647344579e-05
33.909, 5.8958185697212988, -6.304011979847006e-05
33.941, 5.89616477414891, -6.2849115227894738e-05
33.975, 5.8965203861347932, -6.2656166441940516e-05
34.008, 5.8968643539390051, -6.2471667572232376e-05
34.041, 5.8972069545256645, -6.2287558690505136e-05
34.075, 5.8975588451720906, -6.2096569804181577e-05
34.109, 5.8978992062444346, -6.1911871307800931e-05
34.141, 5.8982381341071966, -6.1728061011316146e-05
34.175, 5.8985861728942721, -6.1539248104726821e-05
34.218, 5.8992579024821934, -6.118502302502254e-05
34.218, 5.8992579024821934, -6.118502302502254e-05
34.276, 5.8996031426325715, -6.1001296629436977e-05
34.309, 5.8999381173436607, -6.0822891628976877e-05
34.341, 5.900269620203578, -6.0661129640294018e-05
34.375, 5.9006100646481983, -6.0468923200520355e-05
34.409, 5.9009393390646894, -6.0291092186762492e-05
34.441, 5.9012672780322042, -6.0114279397716328e-05
34.475, 5.9016041283658449, -5.9934319124307504e-05
34.508, 5.9019298774586408, -5.9762566206113633e-05
34.542, 5.9022542970708392, -5.9593210149972663e-05
34.575, 5.9025874921488386, -5.9420217423608221e-05
34.608, 5.9029096572641864, -5.9232657846792819e-05
34.64, 5.9032298910624643, -5.9074414164424643e-05
34.675, 5.9035578263172725, -5.8954779907275343e-05
34.709, 5.9038751987313631, -5.8829599654883774e-05
34.741, 5.904190569441842, -5.8717900017597756e-05
34.775, 5.9045127592964466, -5.8680248764850096e-05
34.808, 5.9048232291520648, -5.8654117566707113e-05
34.841, 5.9051308366231234, -5.8644301381388205e-05
34.875, 5.9054396741038788, -5.8727334187709835e-05
34.908, 5.9057216859268555, -5.9384625104994398e-05
34.941, 5.9059761998322982, -6.1876440914013052e-05
34.976, 5.9061991213670284, -6.7969509871675994e-05
35.009, 5.9063670736274521, -7.8071814146016735e-05
35.042, 5.9064791778971255, -9.3382096981745125e-05
35.075, 5.9065357061877721, -0.00010940383797129929
35.109, 5.9065421877558704, -0.00011497031603757682
35.142, 5.9065412063979155, -0.00010846559212791137
35.175, 5.9065400205240595, -0.00010061555499264036
35.209, 5.9065390569882243, -9.4249633173219298e-05
35.241, 5.9065382562774209, -8.8946539636815931e-05
35.275, 5.9065376655306743, -8.4318565195780804e-05
35.308, 5.9065418584755403, -8.0415435062427553e-05
35.342, 5.9065604103160494, -7.7125372470273799e-05
35.375, 5.9066049392771269, -7.4251194247815781e-05
35.409, 5.9066830990854795, -7.1945061392992513e-05
35.441, 5.9068059384744158, -7.0094893817760904e-05
35.476, 5.906990104211757, -6.8663166208773012e-05
35.508, 5.9072354049969569, -6.7691979729115706e-05
35.541, 5.9075552057847283, -6.7048406680428536e-05
35.575, 5.9079565552119622, -6.6815878626210338e-05
35.609, 5.9083501498896451, -6.6503911261446926e-05
35.641, 5.9087385518196269, -6.6382543813255104e-05
35.676, 5.9091315852693338, -6.6155912033017338e-05
35.709, 5.9095064209485093, -6.5923613148588731e-05
35.741, 5.9098749787643428, -6.5674669551861906e-05
35.775, 5.9102490044382314, -6.5386352776657984e-05
35.808, 5.9106066221941536, -6.5131473557528664e-05
35.842, 5.910958965668077, -6.4887655220020714e-05
35.875, 5.9113171715591966, -6.4639236391876792e-05
35.908, 5.9116602088375645, -6.4400030614182691e-05
35.941, 5.9119986520339154, -6.4157447986490761e-05
35.975, 5.9123432208108513, -6.3909014461539971e-05
36.008, 5.912673727683349, -6.3658892965678146e-05
36.042, 5.9130003441403511, -6.3406715445513389e-05
36.075, 5.9133332701489065, -6.3146311709001677e-05
36.109, 5.9136530642373781, -6.2887643556749635e-05
36.141, 5.9139694897845665, -6.2628383511694933e-05
36.175, 5.9142924698619765, -6.2362113973451442e-05
36.209, 5.9146030666691818, -6.2098952642621296e-05
36.242, 5.9149106484604648, -6.1842717546466236e-05
36.276, 5.915224837248493, -6.1585602930368949e-05
36.309, 5.9155272373461179, -6.1349875040241666e-05
36.341, 5.9158270283718366, -6.1120146677969762e-05
36.375, 5.9161335923000422, -6.0884292481791284e-05
36.409, 5.9164287995108822, -6.0658718857418545e-05
36.441, 5.9167216344018021, -6.0436153392765892e-05
36.475, 5.917021202900977, -6.0207615002521086e-05
36.508, 5.91730993904853, -5.9987510821923349e-05
36.541, 5.917596539881198, -5.9769602429182775e-05
36.575, 5.917889953324222, -5.95447066589313e-05
36.608, 5.9181728403162523, -5.933042738974173e-05
36.642, 5.9184537457831956, -5.9118344536809082e-05
36.676, 5.9187414831534939, -5.8899548603451512e-05
36.709, 5.9190190097144448, -5.8689964109528316e-05
36.742, 5.9192944473812368, -5.8494652565760156e-05
36.776, 5.9195760803988771, -5.8272125383397181e-05
36.808, 5.9198468649621017, -5.803751390926932e-05
36.842, 5.9201143374392426, -5.7807707904844902e-05
36.876, 5.9203861150539705, -5.7586454989301789e-05
36.909, 5.9206453692704324, -5.7397940152048883e-05
36.942, 5.9208994096888103, -5.7248679093850304e-05
36.975, 5.9211560895246151, -5.7143080189496433e-05
37.008, 5.9214002818764966, -5.7081396314228171e-05
37.041, 5.9216393882670966, -5.7049297823248175e-05
37.076, 5.9218810339251409, -5.7038562868983355e-05
37.108, 5.9221110782935291, -5.7045365162384427e-05
37.142, 5.9223365365965019, -5.7065687687094481e-05
37.175, 5.9225645999214995, -5.7097507819764123e-05
37.208, 5.9227818564785952, -5.7136638357485094e-05
37.241, 5.9229951096855569, -5.7181545877683347e-05
37.275, 5.9232114449868707, -5.7232064697441805e-05
37.305, 5.9234185755431428, -5.7283947900976306e-05
37.341, 5.9236233595307324, -5.7337799225552611e-05
37.376, 5.9238330350302268, -5.7395110256574719e-05
37.409, 5.9240361213095056, -5.7452370710116892e-05
37.441, 5.9242397218224401, -5.7511128012543828e-05
37.475, 5.9244513140194917, -5.757284241394204e-05
37.508, 5.9246590368166299, -5.763360418753279e-05
37.542, 5.9248688147344621, -5.7695319019185908e-05
37.575, 5.9250870115488024, -5.7754771915075699e-05
37.608, 5.9253005784300141, -5.7801518618639093e-05
37.641, 5.9255156526302084, -5.7846503431142756e-05
37.675, 5.9257388362437542, -5.7892435977440782e-05
37.708, 5.9259567597215046, -5.7936237828511776e-05
37.741, 5.9261757855126973, -5.7978391775306179e-05
37.775, 5.9264026148896827, -5.8020325635685311e-05
37.809, 5.9266236917449939, -5.8059352313749444e-05
37.841, 5.9268455009623118, -5.8095969663969987e-05
37.875, 5.9270748495786814, -5.8132825875891809e-05
37.908, 5.9272980566860802, -5.8167125366399012e-05
37.941, 5.927521648082231, -5.8199177650080454e-05
37.975, 5.9277525476035988, -5.8230625439834976e-05
38.009, 5.9279770070359925, -5.8258972610678245e-05
38.041, 5.9282016543515352, -5.8284845442749513e-05
38.075, 5.9284334155025471, -5.8309713047777162e-05
38.108, 5.9286585033509462, -5.833182400972169e-05
38.142, 5.9288835793871542, -5.8351335942434404e-05
38.175, 5.9291155942314129, -5.8369625954510315e-05
38.208, 5.9293406983729682, -5.8384724095483242e-05
38.241, 5.9295656261599508, -5.8402960264781219e-05
38.276, 5.9297973211991089, -5.8444139199847509e-05
38.309, 5.9300220245126596, -5.8483779550739026e-05
38.342, 5.9302464084810964, -5.8524078076233213e-05
38.375, 5.9304773531421136, -5.8564886456753878e-05
38.409, 5.9307012169827296, -5.8603012577109738e-05
38.441, 5.9309246232468134, -5.863974477350481e-05
38.475, 5.9311545319454684, -5.8675078767086085e-05
38.508, 5.9313773099960629, -5.8707252844912724e-05
38.541, 5.9315995408783815, -5.8736884226297286e-05
38.575, 5.9318281610185064, -5.8764588661658029e-05
38.608, 5.9320496200476951, -5.8788399022413161e-05
38.641, 5.9322705143683647, -5.8808891855162526e-05
38.675, 5.9324976986476665, -5.8825888782804752e-05
38.709, 5.9327176482637247, -5.883846447791847e-05
38.742, 5.9329369795073283, -5.8846953246267774e-05
38.775, 5.9331624623458241, -5.8850743973013567e-05
38.809, 5.933380779159739, -5.8849931398648764e-05
38.841, 5.9335984440541969, -5.8844339715566564e-05
38.876, 5.9338221732915652, -5.8833004631567716e-05
38.909, 5.9340387566342043, -5.8816475091200058e-05
38.941, 5.9342546586409997, -5.879456805286704e-05
38.976, 5.9344765879288959, -5.8766148034697096e-05
39.008, 5.9346913988535359, -5.8732871065281719e-05
39.041, 5.9349055017442138, -5.8694022530365876e-05
39.075, 5.9351255515905468, -5.8647889073375477e-05
39.108, 5.9353385162376426, -5.8597226612702244e-05
39.141, 5.9355507069427862, -5.8541028973620772e-05
39.175, 5.9357687043535581, -5.8476609711868674e-05
39.208, 5.9359796627770898, -5.8408095504903309e-05
39.24, 5.9361898865173837, -5.8333788441677905e-05
39.275, 5.9364059136945224, -5.8250946564800906e-05
39.309, 5.9366149530775445, -5.8164529100773049e-05
39.341, 5.9368232478005654, -5.8072284417378987e-05
39.376, 5.9370372771908144, -5.797133892986172e-05
39.408, 5.9372443701362272, -5.7867477851153347e-05
39.442, 5.937450713101132, -5.7757958528321185e-05
39.475, 5.9376627268066633, -5.7638994010583885e-05
39.508, 5.9378678606774109, -5.7517725284286017e-05
39.542, 5.9380722435666486, -5.7390928967298361e-05
39.575, 5.9382822362179555, -5.7254325971021271e-05
39.608, 5.9384854084722702, -5.7116121887404222e-05
39.641, 5.9386878312384441, -5.697262123590815e-05
39.675, 5.9388958050648943, -5.6819048016671523e-05
39.708, 5.9390970189097327, -5.6664567250581344e-05
39.742, 5.9392974850614424, -5.6505485596570565e-05
39.775, 5.9395034455845739, -5.6335796919780127e-05
39.809, 5.9397027111576302, -5.6165869538607386e-05
39.841, 5.9399012370261657, -5.5991193880166648e-05
39.875, 5.9401052033654196, -5.5806061571527188e-05
39.909, 5.9403025382285257, -5.5621685437589738e-05
39.942, 5.9404991388376613, -5.5432947535412132e-05
39.976, 5.9407011257590803, -5.5233744844430259e-05
40.007, 5.9408965442108324, -5.503614215114372e-05
40.041, 5.9410912450504627, -5.4834589767901274e-05
40.075, 5.9412912793736234, -5.4622634146670152e-05
40.108, 5.9414848072356561, -5.4413110771354758e-05
40.142, 5.9416776122999746, -5.4200108398268961e-05
40.175, 5.9418755977200659, -5.3976987877961704e-05
40.209, 5.9420671414275814, -5.3757004948791818e-05
40.241, 5.942257975416303, -5.3533986435685031e-05
40.275, 5.9424540418381531, -5.3300869194947084e-05
40.309, 5.9426437372091714, -5.307204583503791e-05
40.342, 5.9428327291996217, -5.2840432902354862e-05
40.375, 5.9430269017672215, -5.2598972624521294e-05
40.409, 5.9432147624374236, -5.2362212040757427e-05
40.441, 5.9434019248384233, -5.2123286855438724e-05
40.475, 5.9435942158032944, -5.1875120394141007e-05
40.509, 5.9437802537154463, -5.1632442619943433e-05
40.541, 5.9439686475426896, -5.1383438019617612e-05
40.575, 5.9441590901028105, -5.1130986549018022e-05
40.609, 5.9443432183892906, -5.0882746762019475e-05
40.641, 5.9445266591216317, -5.0633795400755393e-05
40.675, 5.9447150745995865, -5.0375190721024427e-05
40.708, 5.9448973649002532, -5.0123048636782869e-05
40.742, 5.9450789401599531, -4.9871060471210786e-05
40.776, 5.9452654543961208, -4.9610524581133978e-05
40.809, 5.9454458614728498, -4.9357110103848112e-05
40.842, 5.9456256051075131, -4.91032953328005e-05
40.875, 5.945810285321576, -4.8841067060011856e-05
40.908, 5.945988922809037, -4.8586251276566373e-05
40.941, 5.9461669042720633, -4.8331227790292158e-05
40.974, 5.9463497745786809, -4.8067997922178613e-05
41.008, 5.9465267097708487, -4.7812394199617781e-05
41.041, 5.9467029952873327, -4.756331505087902e-05
41.076, 5.9468841225878064, -4.7309705349197978e-05
41.108, 5.9470593650198147, -4.7062710841358497e-05
41.141, 5.9472339592897274, -4.6815672895984719e-05
41.175, 5.9474133407530934, -4.656194452527359e-05
41.209, 5.9475868923981539, -4.6316027620816789e-05
41.242, 5.9477598008191572, -4.6070347888837134e-05
41.275, 5.9479374488766625, -4.5817750741678173e-05
41.309, 5.9481093223559531, -4.5573107023981209e-05
41.341, 5.948280557893372, -4.5329548133901413e-05
41.375, 5.9484564916509726, -4.507932505758387e-05
41.409, 5.9486267057645996, -4.4836965253633407e-05
41.442, 5.9487962868862558, -4.4594995073703537e-05
41.475, 5.9489705143332596, -4.4346368873129834e-05
41.508, 5.949139076579371, -4.4105439390892721e-05
41.542, 5.9493070115053683, -4.3864975419192295e-05
41.575, 5.9494795095962036, -4.3617914164711465e-05
41.608, 5.9496463977803025, -4.3378539794497489e-05
41.641, 5.949812666913278, -4.3139656188329132e-05
41.675, 5.9499834442396553, -4.2894111654310939e-05
41.709, 5.9501486692582057, -4.2656152730730833e-05
41.741, 5.9503132840214255, -4.2418857377527657e-05
41.776, 5.9504824133308842, -4.2174956189115862e-05
41.809, 5.9506460471828326, -4.1938615102269131e-05
41.842, 5.9508090759122174, -4.1702770557911113e-05
41.875, 5.9509765746977212, -4.1460364881542061e-05
41.908, 5.9511386301263869, -4.1225498130291714e-05
41.942, 5.9513000854527096, -4.0991136371634567e-05
41.975, 5.9514659718338248, -4.0750163802103142e-05
42.009, 5.951626466706835, -4.0516819312851623e-05
42.042, 5.9517863665074344, -4.0283898637035289e-05
42.076, 5.9519506487879603, -4.004449294135438e-05
42.109, 5.9521095906674883, -3.9812562442787884e-05
42.141, 5.9522679424986498, -3.9581163459674784e-05
42.175, 5.9524305871856411, -3.9343468783056318e-05
42.209, 5.9525879433863693, -3.9112768904695876e-05
42.242, 5.9527447179079038, -3.8882959545951557e-05
42.276, 5.9529057100187339, -3.8646942155487215e-05
42.309, 5.9530614270426803, -3.8418013479072835e-05
42.341, 5.9532165719631918, -3.8189541880190563e-05
42.375, 5.953375978368376, -3.7954992664534376e-05
42.408, 5.9535302114796362, -3.7727754972878376e-05
42.442, 5.9536838801713827, -3.7501070004682924e-05
42.475, 5.9538417679155673, -3.7267998181770815e-05
42.509, 5.9539944884763099, -3.7042455611418827e-05
42.542, 5.9541466474328395, -3.6817092090329628e-05
42.576, 5.9543029849211511, -3.6585652501459402e-05
42.608, 5.9544542478745281, -3.6361484523537387e-05
42.641, 5.9546049564786907, -3.6137938897020267e-05
42.676, 5.9547598020630454, -3.5908087138825529e-05
42.709, 5.9549096197930433, -3.5685471169618825e-05
42.741, 5.955058886813295, -3.5463520677933599e-05
42.776, 5.955212249615216, -3.5235313797212679e-05
42.809, 5.955360631279258, -3.5014309279216848e-05
42.842, 5.9555084661704383, -3.479400211533031e-05
42.875, 5.9556603562256365, -3.456748523165646e-05
42.909, 5.955807311822344, -3.4348136689863073e-05
42.941, 5.9559537248290795, -3.4129539536667945e-05
42.975, 5.9561041529671233, -3.3904820474373832e-05
43.009, 5.9562496932693509, -3.3687239754403591e-05
43.041, 5.9563946954146765, -3.3470425898493735e-05
43.075, 5.9565436732248678, -3.3247507157311388e-05
43.108, 5.9566878097089031, -3.3031700625997197e-05
43.141, 5.956831412707901, -3.281672640467524e-05
43.176, 5.9569789525102808, -3.2595795829442238e-05
43.208, 5.9571216973233652, -3.2382311574368827e-05
43.241, 5.9572639140375054, -3.2167361984021376e-05
43.275, 5.9574099882202578, -3.1941116160746845e-05
43.309, 5.9575513138770733, -3.1721735486441881e-05
43.341, 5.9576921191712851, -3.1502733787834502e-05
43.376, 5.9578367870863564, -3.1277345956801921e-05
43.408, 5.9579767180149723, -3.1059010413081254e-05
43.442, 5.9581161308154771, -3.0841206855455086e-05
43.476, 5.9582593286680208, -3.0617283649263693e-05
43.508, 5.9583978371745383, -3.040051804947488e-05
43.542, 5.9585358364736711, -3.0184432896283972e-05
43.575, 5.958677586274943, -2.9962417077156807e-05
43.609, 5.9588147338173245, -2.974759059645603e-05
43.641, 5.9589513818455062, -2.9533560251467818e-05
43.675, 5.9590917835239061, -2.9313738624248687e-05
43.709, 5.9592276286092014, -2.9101156284272712e-05
43.742, 5.9593629763066387, -2.8889488993271135e-05
43.775, 5.9595020392787381, -2.8672220829220042e-05
43.808, 5.9596365866112331, -2.846223081394377e-05
43.841, 5.959770638840415, -2.825326088793646e-05
43.876, 5.9599083685173975, -2.8038875136517234e-05
43.909, 5.9600416239394516, -2.7831774261485124e-05
43.941, 5.9601743517120926, -2.76258173770255e-05
43.975, 5.9603107176338082, -2.7414651236012608e-05
44.008, 5.9604426542321276, -2.7210738566987684e-05
44.041, 5.9605741043732774, -2.7007977920238231e-05
44.075, 5.9607091207423162, -2.6800052379462026e-05
44.109, 5.9608397494772154, -2.6599533883844517e-05
44.14, 5.960969897538642, -2.6400514484617023e-05
44.176, 5.9611035774335344, -2.61964501735066e-05
44.208, 5.9612329149021681, -2.5999693177242774e-05
44.241, 5.9613617826474812, -2.5804170720212722e-05
44.275, 5.9614941478068308, -2.5604023153043939e-05
44.309, 5.9616221786191366, -2.5411063758959685e-05
44.342, 5.9617497091311016, -2.5219040130207192e-05
44.375, 5.9618807404016962, -2.5022724283780485e-05
44.409, 5.9620074831690273, -2.4833545412102205e-05
44.441, 5.9621337648714441, -2.4645751814705535e-05
44.476, 5.9622635157854758, -2.4453537934617435e-05
44.508, 5.9623890553018342, -2.4268299313541887e-05
44.541, 5.9625141353290401, -2.4084443533426751e-05
44.576, 5.9626426495375124, -2.3896307040755e-05
44.609, 5.9627669910459495, -2.3715022118806453e-05
44.642, 5.9628908752631018, -2.3535128949644762e-05
44.675, 5.9630181585783637, -2.3351085863905518e-05
44.708, 5.9631413070707771, -2.317378405399559e-05
44.741, 5.9632640006839841, -2.2997882050613959e-05
44.775, 5.9633900588207753, -2.2817963430710229e-05
44.808, 5.9635120200770881, -2.2644674290641025e-05
44.841, 5.9636335291523785, -2.2472791365465079e-05
44.875, 5.9637583686204776, -2.2297022968639198e-05
44.908, 5.9638791491746188, -2.2127767940884877e-05
44.941, 5.9639994805365424, -2.1959920732684534e-05
44.975, 5.9641231085304964, -2.1788313400066189e-05
45.009, 5.9642427155613955, -2.1623096515261731e-05
45.041, 5.964361876610786, -2.1459283488711939e-05
45.075, 5.9644843007727912, -2.1291829571783541e-05
45.108, 5.9646027419246028, -2.1130637704338015e-05
45.141, 5.9647207403709439, -2.0970839642604133e-05
45.176, 5.964841968667085, -2.0807513157633373e-05
45.208, 5.9649592519156585, -2.065031437932423e-05
45.241, 5.9650760955901472, -2.0494492619462367e-05
45.275, 5.9651961009559402, -2.0335285424912032e-05
45.309, 5.9653121980748125, -2.018207581314262e-05
45.342, 5.965427864122411, -2.0030207459720176e-05
45.375, 5.9655466920061482, -1.9875010590994446e-05
45.408, 5.965661628255873, -1.9725686825911281e-05
45.442, 5.9657761094111308, -1.9577659572910146e-05
45.475, 5.9658937460528128, -1.9426419713487496e-05
45.509, 5.9660075128542607, -1.9280890521908688e-05
45.541, 5.9661208362586446, -1.913661803307219e-05
45.576, 5.9662372842866125, -1.8989243284280847e-05
45.608, 5.9663499279346013, -1.8847396538053015e-05
45.641, 5.9664621455810973, -1.8706820334833025e-05
45.676, 5.9665774368385289, -1.8563203159799976e-05
45.709, 5.9666889482868086, -1.842505022505926e-05
45.742, 5.9667999996704193, -1.8288042638899605e-05
45.775, 5.9669140997398404, -1.8148180353599395e-05
45.808, 5.9670244973693176, -1.8013655531896071e-05
45.842, 5.9671344542861346, -1.7880313448145252e-05
45.875, 5.9672473916753894, -1.774409369994019e-05
45.908, 5.9673566390410615, -1.7613165510415946e-05
45.941, 5.9674654394320612, -1.748339384213483e-05
45.975, 5.9675771699871598, -1.7350898499689565e-05
46.009, 5.9676852254763801, -1.7223417378334738e-05
46.041, 5.9677928554235864, -1.7097157236420304e-05
46.076, 5.9679033851938508, -1.696826117735504e-05
46.109, 5.9680102140243463, -1.6844202471575279e-05
46.142, 5.9681164401577744, -1.6721125314959982e-05
46.174, 5.9682252145326933, -1.6594902734346569e-05
46.208, 5.9683299352005736, -1.6473037992671312e-05
46.241, 5.9684335531282429, -1.6351589781038941e-05
46.276, 5.9685390096615283, -1.6226579451856665e-05
46.308, 5.9686399468049238, -1.6105727216837579e-05
46.342, 5.968739504762766, -1.5986253964443333e-05
46.375, 5.9688408547139939, -1.5865169124163138e-05
46.408, 5.9689381735992555, -1.5751158667464474e-05
46.441, 5.9690345402604192, -1.564294420240048e-05
46.475, 5.9691330634424009, -1.554059977357582e-05
46.509, 5.969228069806082, -1.5455505406618334e-05
46.542, 5.9693225246411785, -1.5389488889632907e-05
46.574, 5.9694193006132599, -1.5352234527342911e-05
46.609, 5.969512439381301, -1.5360653628316994e-05
46.642, 5.9696043424708831, -1.5425110793084209e-05
46.675, 5.969697540842847, -1.5555636273429942e-05
46.708, 5.9697865738987677, -1.5742005491656479e-05
46.741, 5.9698741806928366, -1.5984423131056392e-05
46.776, 5.9699645823328025, -1.6302711876331125e-05
46.809, 5.9700494758089402, -1.6651784463189103e-05
46.841, 5.9701327868577394, -1.7052559174009374e-05
46.875, 5.9702171225206913, -1.7515496218222129e-05
46.909, 5.9702975799450479, -1.8009380318538056e-05
46.941, 5.9703766504365596, -1.8542788634063018e-05
46.975, 5.9704567472466925, -1.9129969161031358e-05
47.008, 5.9705332246639387, -1.9733222023540326e-05
47.042, 5.9706084457547135, -2.0365908448775775e-05
47.075, 5.9706847208392837, -2.1045764124037393e-05
47.108, 5.9707576029742384, -2.1729996606581675e-05
47.142, 5.9708293385458955, -2.2435456776837598e-05
47.175, 5.9709021281081629, -2.3182252493440069e-05
47.207, 5.9709717244742961, -2.3923967625331946e-05
47.241, 5.9710402699356946, -2.4680018296413213e-05
47.276, 5.9711098623733472, -2.5472016291570248e-05
47.309, 5.9711762950416176, -2.6253701079801131e-05
47.341, 5.9712413905820521, -2.7048138316059824e-05
47.376, 5.971307005659968, -2.7878309073116391e-05
47.408, 5.9713692780648557, -2.8224728239156975e-05
47.441, 5.9714303116682146, -2.9341983533362872e-05
47.476, 5.9714920022631679, -3.0264468244577664e-05
47.508, 5.9715508569616267, -3.1108715582366935e-05
47.541, 5.971609095406146, -3.1926005420560179e-05
47.575, 5.9716689662294931, -3.2746360605881989e-05
47.608, 5.9717271245922525, -3.352528989926753e-05
47.641, 5.9717854119886313, -3.4288200500811728e-05
47.676, 5.9718457674742886, -3.5058869925928428e-05
47.708, 5.9719047731098867, -3.5793114139437716e-05
47.742, 5.9719643475685569, -3.651496569554251e-05
47.775, 5.972026611102847, -3.7248115583611387e-05
47.809, 5.9720881013094189, -3.7950295979809293e-05
47.841, 5.9721508721125591, -3.8644172048044863e-05
47.875, 5.9722169134181371, -3.9347904615056604e-05
47.909, 5.9722822126736892, -4.0016543041252717e-05
47.938, 5.9723485508604108, -4.0668144685580903e-05
47.975, 5.9724179583841321, -4.1319281240369116e-05
48.009, 5.9724862140381951, -4.1929010961100325e-05
48.042, 5.9725552466591667, -4.2514928532807378e-05
48.076, 5.9726271728613209, -4.3092418937833006e-05
48.108, 5.9726976363002233, -4.3625740278836715e-05
48.142, 5.9727686436090517, -4.4130948002044113e-05
48.176, 5.9728423797734189, -4.4621300368026457e-05
48.209, 5.9729143708926333, -4.5066852697963635e-05
48.241, 5.9729867162369246, -4.5481568882561067e-05
48.276, 5.9730615929299127, -4.5876380815432552e-05
48.308, 5.9731345412723931, -4.6227442147366371e-05
48.341, 5.9732076506340048, -4.6546545223488622e-05
48.376, 5.973283196474056, -4.6842097497792063e-05
48.408, 5.9733566484727598, -4.7096547766685002e-05
48.442, 5.9734301597243178, -4.7318938930964835e-05
48.476, 5.9735060129896267, -4.7514855982314319e-05
48.508, 5.9735797280808223, -4.7672956497531299e-05
48.542, 5.973653489645784, -4.7799589416182278e-05
48.575, 5.9737296242050615, -4.7897554215539075e-05
48.608, 5.9738036851319833, -4.7961427539167769e-05
48.641, 5.9738779333719085, -4.7994873737800151e-05
48.675, 5.9739548407287284, -4.799780181421021e-05
48.708, 5.9740297952005248, -4.7970523621028023e-05
48.741, 5.9741050033768826, -4.7914377023391811e-05
48.775, 5.9741827653253141, -4.7826932070084945e-05
48.808, 5.9742584554820954, -4.7714461936648469e-05
48.842, 5.9743342870039742, -4.7575716114581131e-05
48.876, 5.9744126208577306, -4.7406759407747298e-05
48.908, 5.9744887815753724, -4.7218615368164758e-05
48.942, 5.9745650111195534, -4.700843105977538e-05
48.975, 5.9746436709014352, -4.6769048281737114e-05
49.009, 5.9747200566444834, -4.6516027027086596e-05
49.042, 5.9747964237796092, -4.6243555660533832e-05
49.075, 5.9748751537470026, -4.5942924843983441e-05
49.109, 5.9749515347346058, -4.5633455567366683e-05
49.141, 5.9750278548725699, -4.5308904574273329e-05
49.175, 5.975106482802623, -4.4959354625793833e-05
49.208, 5.9751827332959104, -4.4605819188062379e-05
49.241, 5.9752588062152663, -4.4233323186328937e-05
49.275, 5.9753370389533416, -4.3826318774532965e-05
49.308, 5.9754127795603758, -4.3409119866106059e-05
49.341, 5.9754882757707684, -4.2970843141984626e-05
49.376, 5.9755658687014694, -4.2497274940205649e-05
49.408, 5.9756409524482423, -4.2016845895964825e-05
49.442, 5.9757157581339078, -4.1516808905645754e-05
49.476, 5.9757925829277605, -4.0982187604908098e-05
49.508, 5.9758668907561612, -4.0444637636678946e-05
49.541, 5.9759408759377672, -3.9889211907099273e-05
49.575, 5.976016848295254, -3.9298007158214399e-05
49.608, 5.976090303627104, -3.870572051107973e-05
49.642, 5.9761634292905326, -3.80943678058217e-05
49.675, 5.9762384746863679, -3.7445429739003705e-05
49.709, 5.9763110057453366, -3.6794549473972602e-05
49.741, 5.9763831843593227, -3.6121293877320633e-05
49.775, 5.9764572437126686, -3.5405883226490951e-05
49.809, 5.9765287944995116, -3.469254266059517e-05
49.841, 5.9765999857220411, -3.3960789904214676e-05
49.876, 5.9766730385083537, -3.3390270988129699e-05
49.908, 5.97674362878025, -3.2945544907912592e-05
49.942, 5.9768138532850754, -3.2399942355753258e-05
49.976, 5.9768858815720041, -3.1730988558048188e-05
50.008, 5.97695546959753, -3.1083215656331511e-05
50.041, 5.977024713189663, -3.0437385431249884e-05
50.076, 5.9770957585377928, -2.9774548935601777e-05
50.108, 5.9771643803937762, -2.9134789056844816e-05
50.141, 5.9772326475167263, -2.8499281280619442e-05
50.175, 5.9773026753439567, -2.7849307834310231e-05
50.209, 5.9773703187097142, -2.7223798540356073e-05
50.242, 5.9774375921177105, -2.66045154121098e-05
50.275, 5.977506566595161, -2.5973301364969489e-05
50.308, 5.9775731785994575, -2.53677823597084e-05
50.341, 5.9776394214087851, -2.4770047845819037e-05
50.375, 5.9777073455060021, -2.4162391733987693e-05
50.408, 5.977772931961745, -2.3581183739622784e-05
50.441, 5.9778381428221028, -2.3009179041155921e-05
50.476, 5.9779049775566682, -2.2429576078724937e-05
50.508, 5.977969493273763, -2.1877222266310114e-05
50.542, 5.9780336248156045, -2.13353640413858e-05
50.575, 5.9780993614066116, -2.0787745396541809e-05
50.607, 5.9781628240399929, -2.0266538046909881e-05
50.641, 5.9782259126013537, -1.9756099325851843e-05
50.675, 5.9782905656188756, -1.9241383455215999e-05
50.709, 5.9783529728286888, -1.8752972089711413e-05
50.742, 5.97841500422276, -1.8275986596425691e-05
50.776, 5.9784785790220063, -1.7796313564026419e-05
50.808, 5.9785399380867439, -1.7342485792051169e-05
50.841, 5.9786009194620231, -1.6900573721199516e-05
50.875, 5.9786634095173259, -1.6457484062124482e-05
50.908, 5.9787237140253211, -1.6039495725776719e-05
50.941, 5.9787836449962724, -1.5633675754860805e-05
50.976, 5.9788450528541706, -1.5227944958151389e-05
51.008, 5.9789043064738205, -1.4846362358562396e-05
51.042, 5.9789631823813201, -1.4476997539147153e-05
51.076, 5.9790235019184399, -1.4108893349728815e-05
51.109, 5.9790817007742554, -1.3763760676384922e-05
51.141, 5.9791395246999066, -1.3430710229096399e-05
51.171, 5.9791987626172451, -1.3099831023805716e-05
51.209, 5.9792558993599325, -1.2790628005583135e-05
51.241, 5.9793126650278836, -1.2493157663213347e-05
51.276, 5.9793708200459568, -1.2198558955521161e-05
51.308, 5.9794269266015458, -1.1924083850158441e-05
51.341, 5.9794826681316255, -1.1660929100054915e-05
51.375, 5.979539769186359, -1.1401208859849427e-05
51.408, 5.9795948571079913, -1.1160077655371565e-05
51.441, 5.9796495857416518, -1.0929678594046081e-05
51.476, 5.9797056481417155, -1.0703084929638342e-05
51.509, 5.9797597328358973, -1.0493474692789504e-05
51.541, 5.9798134519029977, -1.0293894021318449e-05
51.575, 5.9798684767004113, -1.0098430784812494e-05
51.608, 5.9799215596799948, -9.918300438226769e-06
51.642, 5.9799742946577936, -9.7474880955658536e-06
51.675, 5.9800283131664811, -9.5807598137029624e-06
51.708, 5.9800804251553554, -9.4277093272202548e-06
51.741, 5.9801321957418851, -9.2831811254593751e-06
51.775, 5.980185226562587, -9.1426386860797535e-06
51.808, 5.9802363862029271, -9.0140960416766296e-06
51.841, 5.9802872010306203, -8.8930186895266865e-06
51.875, 5.9803392718624186, -8.7750096769965137e-06
51.908, 5.9803895234855311, -8.667045297997148e-06
51.942, 5.9804394415499296, -8.5658332358329584e-06
51.976, 5.9804905930439487, -8.4676654534655066e-06
52.009, 5.980539947106819, -8.3781234762270983e-06
52.042, 5.9805889930914535, -8.2943576831832874e-06
52.076, 5.9806392329552081, -8.2137983096510818e-06
52.109, 5.980687711639959, -8.1409057877679194e-06
52.142, 5.9807358869952143, -8.0730698886043104e-06
52.176, 5.9807852500689149, -8.0080166929866352e-06
52.208, 5.9808328867494103, -7.9493003239601346e-06
52.241, 5.9808802286877638, -7.8947340960062418e-06
52.276, 5.9809287283402037, -7.8424191072550116e-06
52.308, 5.980975533489076, -7.7953275558323528e-06
52.341, 5.9810220532360958, -7.7515444760575332e-06
52.375, 5.9810697273363447, -7.7095088401976436e-06
52.409, 5.9811157414855751, -7.6715232506651813e-06
52.441, 5.9811614830095605, -7.6359774744320305e-06
52.475, 5.9812083503506788, -7.6015968281054718e-06
52.508, 5.9812535870604906, -7.570337876391352e-06
52.542, 5.9812985557157079, -7.5407866176321321e-06
52.576, 5.9813446417925453, -7.4332409392389368e-06
52.609, 5.9813891233388716, -7.2965572463893309e-06
52.642, 5.9814333610440915, -7.186272706322512e-06
52.676, 5.9814787342324731, -7.0949033372301856e-06
52.709, 5.9815225570618402, -6.9982127457743001e-06
52.741, 5.9815661390972465, -6.8858394233786675e-06
52.774, 5.9816108285399938, -6.7949267369730989e-06
52.809, 5.9816539906805763, -6.750581551750128e-06
52.841, 5.9816969206009487, -6.7153457023761426e-06
52.875, 5.9817409296750963, -6.6884731752609939e-06
52.909, 5.9817834343110219, -6.668284140086348e-06
52.941, 5.9818257150606939, -6.6546979111736847e-06
52.975, 5.9818690690582654, -6.6457291818650185e-06
53.008, 5.9819109459843292, -6.6374907790474627e-06
53.041, 5.9819526034973025, -6.6295017549674099e-06
53.074, 5.9819953284950529, -6.6215737653454428e-06
53.108, 5.9820365956929331, -6.6161183551308986e-06
53.141, 5.9820776428425333, -6.612143062228584e-06
53.175, 5.9821197384316109, -6.6075463177716928e-06
53.208, 5.9821603957132208, -6.6029759340732695e-06
53.241, 5.9822008350531037, -6.5982978586345628e-06
53.275, 5.9822423063870458, -6.5924087581117503e-06
53.308, 5.9822823457355785, -6.5900617527188218e-06
53.342, 5.9823221595115248, -6.5835465386419288e-06
53.375, 5.9823629755559526, -6.5782313777489683e-06
53.409, 5.9824023957584718, -6.5723083990940404e-06
53.441, 5.9824416051658762, -6.5658287831279399e-06
53.475, 5.9824825755368751, -6.5524453008045582e-06
53.508, 5.9825214171540217, -6.5458006327931454e-06
53.541, 5.9825600191577202, -6.5350733700057201e-06
53.575, 5.9825996051351709, -6.52232631372431e-06
53.609, 5.9826378283707919, -6.5080031906246471e-06
53.641, 5.9826758391516393, -6.4919449936578504e-06
53.675, 5.9827148103720349, -6.4730784603067319e-06
53.709, 5.982752452146527, -6.4526363853441427e-06
53.741, 5.9827898961283621, -6.4299487871618283e-06
53.775, 5.9828282998471876, -6.403829265234209e-06
53.808, 5.9828653949041088, -6.375891201019868e-06
53.841, 5.9829022951536102, -6.3453530901004769e-06
53.876, 5.9829401300586538, -6.3108344720664611e-06
53.909, 5.9829766753199474, -6.2744423410462901e-06
53.941, 5.9830130295768047, -6.2350947308646173e-06
53.975, 5.9830503165942037, -6.1912018574495775e-06
54.009, 5.9830863238322136, -6.1454238389162456e-06
54.041, 5.983122142400835, -6.0964461943071835e-06
54.076, 5.9831588806447993, -6.042361009350029e-06
54.109, 5.9831943684714393, -5.9863675709620844e-06
54.142, 5.9832296713928868, -5.9268785573722015e-06
54.175, 5.9832658696030521, -5.8618749807849971e-06
54.208, 5.983300834797622, -5.7950062549485545e-06
54.241, 5.9833356082846541, -5.724602027745223e-06
54.275, 5.9833712741559006, -5.6478340641597134e-06
54.308, 5.983405726332899, -5.5693149931716528e-06
54.342, 5.983439989707783, -5.4870354878379966e-06
54.376, 5.9834751220797653, -5.3979519174762466e-06
54.408, 5.9835090586676989, -5.3072163315424745e-06
54.44, 5.9835428194976794, -5.2121864644350724e-06
54.475, 5.983577447533559, -5.1098928303070601e-06
54.508, 5.9836108968507968, -5.0061216424966626e-06
54.541, 5.9836441716228039, -4.8978477937759753e-06
54.575, 5.9836782895358525, -4.7818658646132042e-06
54.608, 5.9837112334060265, -4.6668468749260301e-06
54.641, 5.9837440001128144, -4.5503528206981085e-06
54.675, 5.9837776033287717, -4.4265361744602091e-06
54.708, 5.9838100593729298, -4.3017434490991869e-06
54.741, 5.9838423360773341, -4.1706978257826379e-06
54.776, 5.9838754348332994, -4.0372413297003255e-06
54.809, 5.9839074013122495, -3.9043310059313929e-06
54.841, 5.9839391975324059, -3.7656440057400004e-06
54.875, 5.9839718062264184, -3.6182078967385189e-06
54.908, 5.9840033004333444, -3.4719469834147273e-06
54.942, 5.984034625209687, -3.3222942790139172e-06
54.975, 5.9840667407731845, -3.1612356067075504e-06
55.008, 5.9840977568735525, -3.0030941033949931e-06
55.041, 5.9841286087820507, -2.8336442235421217e-06
55.075, 5.9841602498688031, -2.6546326651134933e-06
55.109, 5.9841908139879498, -2.4740137610108147e-06
55.142, 5.9842212209520795, -2.2911032445957431e-06
55.176, 5.98425241724859, -2.0974433648057627e-06
55.209, 5.9842825626417264, -1.9035248432607287e-06
55.241, 5.9843125747020975, -1.7656044339382651e-06
55.275, 5.9843430518994731, -1.6770163817154703e-06
55.308, 5.9843721566209442, -1.5584847295112237e-06
55.341, 5.984400769796852, -1.4063373772404463e-06
55.375, 5.9844303878197458, -1.3354334282083189e-06
55.409, 5.9844581346327281, -1.2021035854035905e-06
55.442, 5.9844854018437319, -1.0487009534848452e-06
55.475, 5.9845130822552646, -9.4932645983408087e-07
55.508, 5.9845395753248258, -8.9496148679075709e-07
55.542, 5.9845656732439689, -8.1353648839261092e-07
55.575, 5.9845710237411511, -8.3147377983367975e-07
55.609, 5.9845760420782685, -8.109717038322428e-07
55.642, 5.9845810607205605, -7.905245081845192e-07
55.675, 5.9845862313379987, -7.6951029333578077e-07
55.709, 5.9845912497761811, -7.4916515221979337e-07
55.741, 5.9845962681129912, -7.2887022993934199e-07
55.775, 5.9846014384139314, -7.0801280536399844e-07
55.808, 5.9846064565430233, -6.8781975762252008e-07
