
1.683, 8.9999823927036946, -3.9759062953302937e-08
1.717, 8.9999820923922602, -4.5475518382839571e-08
1.75, 8.9999815325607013, -4.6088288817825711e-08
1.8170000000000002, 8.9999804307750519, 2.9852004235932609e-07
1.8170000000000002, 8.9999804307750519, 2.9852004235932609e-07
1.85, 8.9999806879812816, 3.284913510578194e-07
1.883, 8.999980688201239, 3.4396259995298446e-07
1.917, 8.9999806850209261, 3.6239875937485767e-07
1.949, 8.9994438463962254, 5.2952193933224119e-07
1.9820000000000002, 8.997866835831438, 5.3528765518131173e-07
2.017, 8.9951518168503419, 4.9894042463185746e-07
2.05, 8.99146544233888, 3.9116049424145511e-07
2.083, 8.9867996105813557, 3.6186913527154408e-07
2.117, 8.9816971904306815, 4.2930827742341707e-07
2.15, 8.9767439288580135, 5.0631064449469942e-07
2.183, 8.9717899844680478, 5.7086707688445434e-07
2.216, 8.9667121700692896, 5.8521287638510082e-07
2.25, 8.9619605192630214, 4.8737658210916598e-07
2.283, 8.9574050729415102, 5.6258157163461178e-07
2.317, 8.9529049283719289, 5.4265592783605891e-07
2.35, 8.9486589187929457, 3.1349657804857332e-06
2.382, 8.9445405726479699, 2.3749569671566723e-06
2.417, 8.9405307673766092, 2.36423231183334e-06
2.45, 8.9367749983346734, 2.151146528801412e-06
2.483, 8.9331575647647554, 2.0411626888410929e-06
2.516, 8.929563577453969, 2.0178399032827447e-06
2.55, 8.9261963180419333, 2.0317556999239762e-06
2.583, 8.9229457308959361, 2.0707178617702823e-06
2.617, 8.9197148725627891, 2.134275619543745e-06
2.65, 8.9166870271753318, 2.213470251953451e-06
2.682, 8.9137634569366515, 2.302531334597281e-06
2.717, 8.9108568901767313, 2.3973955901027769e-06
2.749, 8.9081322931179265, 2.4883708960046215e-06
2.782, 8.9055010353851287, 2.592220096447238e-06
2.816, 8.902885014821905, 2.708618570044349e-06
2.85, 8.9004324684884786, 2.8216622110349357e-06
2.883, 8.8980627506530041, 2.9258673433582103e-06
2.916, 8.8957066849041002, 3.0289237851850628e-06
2.95, 8.8934980138553641, 3.1270395740621388e-06
2.983, 8.8913643003271865, 3.2195797808074384e-06
3.017, 8.8892431627485049, 3.3117548101731814e-06
3.049, 8.8872545385917956, 3.3983615999740333e-06
3.083, 8.8853331321759121, 3.4825848090893799e-06
3.117, 8.8834232690862862, 3.5677754758106995e-06
3.15, 8.8816327378972044, 3.6474810691769779e-06
3.183, 8.8799025066792936, 3.7269447926428706e-06
3.217, 8.8781829369715126, 3.805182590345222e-06
3.25, 8.8765709022049926, 3.82986531204751e-06
3.283, 8.8750131911642107, 3.8478090806210172e-06
3.35, 8.8720168437813189, 3.8405156425258564e-06
3.35, 8.8720168437813189, 3.8405156425258564e-06
3.383, 8.8705676290357882, 3.8111081049558373e-06
3.417, 8.8691726033046621, 3.7738630347439329e-06
3.45, 8.8678696775858636, 3.7126678158500521e-06
3.483, 8.866610415363251, 3.6338861821563577e-06
3.517, 8.8653599007855703, 3.534176580277043e-06
3.55, 8.8641874134916279, 3.3962366744620548e-06
3.582, 8.8630533095564488, 3.251874161571471e-06
3.617, 8.8619273786685628, 3.0773307014852567e-06
3.65, 8.8608720159781758, 2.866925784032341e-06
3.682, 8.8598514375197777, 2.6437449209609653e-06
3.717, 8.8588384329505718, 2.3963745213728341e-06
3.75, 8.85788895470243, 2.134379651978231e-06
3.783, 8.8569706071990328, 1.860509060114329e-06
3.817, 8.8560593355455328, 1.5437732908178679e-06
3.883, 8.8543803775571881, 9.4575117833952516e-07
3.883, 8.8543803775571881, 9.4575117833952516e-07
3.917, 8.8535297276394598, 5.5423692460400186e-07
3.95, 8.8527639009314516, 2.1004258124184176e-07
3.983, 8.8520203134645019, -2.0191917735836262e-07
4.017, 8.8512855054441637, -6.8309492135324002e-07
4.05, 8.8505978528979998, -1.0609157206614115e-06
4.083, 8.8499330075300602, -1.4241092253115709e-06
4.116, 8.8492744049939471, -1.8291365690649788e-06
4.149, 8.8486636124004896, -2.2409405959579917e-06
4.183, 8.8480819875497847, -2.8850895341294246e-06
4.217, 8.8475173841300272, -3.8178595907878665e-06
4.249, 8.8470150330766426, -5.873016315421362e-06
4.283, 8.8465762477770014, -5.3416731290624402e-06
4.317, 8.8461984762963244, 8.9128773976756192e-07
4.35, 8.8458795619713886, 4.9756938999442186e-06
4.383, 8.8455903548224519, 8.021312856104965e-06
4.417, 8.8453064307709841, 1.0391031758519049e-05
4.45, 8.8450288686294964, 1.2098822758112523e-05
4.483, 8.8447346431453955, 1.332950876893108e-05
4.516, 8.844400343672925, 1.4041161697382058e-05
4.55, 8.8440356487706797, 1.4269902961553754e-05
4.583, 8.8436273467714397, 1.4092246611490225e-05
4.617, 8.8431903094892608, 1.3594379383035157e-05
4.649, 8.8427821885964484, 1.3132039666579319e-05
4.683, 8.8423866810664293, 1.2602956224642901e-05
4.716, 8.8419963286473262, 1.2009534525800131e-05
4.75, 8.8416305110797619, 1.1386459789515178e-05
4.783, 8.8412752876205492, 1.0716669738158595e-05
4.817, 8.8409245243151648, 9.9855996158880867e-06
4.85, 8.8405962587331448, 9.2359780705525023e-06
4.881, 8.8402773247811002, 8.4446317207695882e-06
4.916, 8.8399490717997988, 7.5687905774616815e-06
4.949, 8.8396528941892054, 6.7047530222708343e-06
4.982, 8.839365451513558, 5.8058679490104696e-06
5.017, 8.8390817183357075, 4.8504404302915476e-06
5.049, 8.8388158662785088, 3.8917151256991284e-06
5.083, 8.8385568891033142, 2.8982984014987435e-06
5.116, 8.8383014959880324, 1.8516636599285751e-06
5.15, 8.8380621736404112, 8.0922487385552587e-07
5.182, 8.8378287885940114, -2.6375164714714271e-07
5.216, 8.8375999395441891, -1.3831609476121071e-06
5.283, 8.8371835542919275, -3.6014106385844237e-06
5.283, 8.8371835542919275, -3.6014106385844237e-06
5.315, 8.8369755787748652, -4.8010762969010551e-06
5.35, 8.8368065888386838, -5.8807503670012931e-06
5.383, 8.8366554792066196, -6.953636319678453e-06
5.417, 8.8365230146645963, -8.0365822417193314e-06
5.45, 8.8364172413457691, -9.0753064531353937e-06
5.483, 8.8363335837467858, -1.0129945352471977e-05
5.517, 8.8362735899932616, -1.1301379709031489e-05
5.582, 8.8361771629330121, -1.4426112757954124e-05
5.582, 8.8361771629330121, -1.4426112757954124e-05
5.617, 8.8361246160733504, -1.6937244305574459e-05
5.649, 8.8358913138010582, -1.7904416028694144e-05
5.682, 8.8352472293538273, -3.7096296353979062e-05
5.7170000000000005, 8.8340499947955227, -8.2425335323508257e-05
5.75, 8.8327065035007539, -0.00013761936449852624
5.817, 8.8316545021899415, -0.00017539051891172491
5.817, 8.8316545021899415, -0.00017539051891172491
5.85, 8.8319948823885852, -0.00016476645775256264
5.882, 8.8324668281995216, -0.00015099996097994256
5.916, 8.8329942116678843, -0.00013608917358848727
5.95, 8.8335338330540818, -0.00012129585443790481
5.9830000000000005, 8.8340996746194058, -0.00010626583298988281
6.017, 8.8347143518568707, -9.0475455721788936e-05
6.05, 8.8353397879761264, -7.4957193896862658e-05
6.083, 8.8359927686939823, -5.9308245057910591e-05
6.116, 8.8366983976502453, -4.3013934855734603e-05
6.15, 8.8374130905453061, -2.7132543793542826e-05
6.181, 8.8381561642557909, -1.1252199880972078e-05
6.217, 8.8389552704998327, 5.1411767950579335e-06
6.249, 8.839761165272245, 2.0992456826321859e-05
6.283, 8.8405957640552852, 3.6722346140100528e-05
6.317, 8.8414888669481986, 5.2818957724964908e-05
6.349, 8.8423853725019068, 6.8249458579457248e-05
6.383, 8.8433106797763958, 8.344956116008477e-05
6.417, 8.844297720535252, 9.8890901620468061e-05
6.475, 8.8463031232598226, 0.00012796703511533237
6.475, 8.8463031232598226, 0.00012796703511533237
6.516, 8.8473511001514638, 0.00014200428552505167
6.55, 8.848422842656106, 0.00015560684969719886
6.582, 8.8495318245936669, 0.00016897210535844826
6.616, 8.8507002429211141, 0.00018206235366002271
6.65, 8.8518517773980605, 0.0001941787965683265
6.683, 8.8529953188505495, 0.00020592285020730412
6.7170000000000005, 8.8541690399910351, 0.00021900516067493075
6.749, 8.8553155045083631, 0.00023435277894158399
6.783, 8.8564820749848785, 0.00025049304879228642
6.817, 8.8577099683996483, 0.00026601257290840516
6.849, 8.8589295113477693, 0.00027995496670403432
6.883, 8.86017858010986, 0.00029644945902245455
6.914, 8.8615150280990012, 0.00031284068238662268
6.95, 8.8628886758378496, 0.00032719039834046141
6.9830000000000005, 8.8643251178930758, 0.00033957392852347493
7.017, 8.8658781427309457, 0.000351416232828853
7.05, 8.867419350013737, 0.00036231253418298235
7.083, 8.868984875640054, 0.00037244977109519671
7.117, 8.8706273531204225, 0.00038215431712823871
7.149, 8.8722471203019087, 0.00039084751014311579
7.18, 8.8738903892049166, 0.00039880342342831117
7.217, 8.8756119224487016, 0.00040627172426987963
7.25, 8.8773078299782746, 0.00041280489671623822
7.282, 8.8790267515094836, 0.00041863190318018069
7.317, 8.880825660688128, 0.00042391502715948871
7.349, 8.8825962491697208, 0.00042834471484577143
7.383, 8.8843898163217361, 0.00043209314146048047
7.417, 8.8862652808511751, 0.00043525509251872917
7.45, 8.8881076329288131, 0.00043763904567668463
7.482, 8.8899686146516643, 0.00043933386906367441
7.517, 8.8919094695026075, 0.00044031655521078062
7.549, 8.8938123771836164, 0.00044049071017096531
7.583, 8.8957310613076537, 0.00043989496727420938
7.617, 8.8977295394602507, 0.00043849575492770987
7.65, 8.8996879762415642, 0.00043639455912901245
7.683, 8.901662694630371, 0.00043358144208697108
7.7170000000000005, 8.903717735132064, 0.00042995221680737787
7.75, 8.9057304999863156, 0.00042574078229173896
7.783, 8.9077593738672753, 0.00042087285508156548
7.814, 8.9098704818580341, 0.00041518021635064331
7.85, 8.9119370168562355, 0.00040902197655558707
7.882, 8.9140189292622853, 0.00040226449149642396
7.917, 8.9161843547756021, 0.00039467848135429299
7.95, 8.918303739192508, 0.00038673446476762436
7.9830000000000005, 8.9204390898921648, 0.0003782393273684668
8.017, 8.9226604184453269, 0.00036890611649652354
8.05, 8.924834424363592, 0.00035931123121719048
8.082, 8.927024273427616, 0.00034921202273430153
8.116, 8.9293011896604959, 0.00033827653386723659
8.15, 8.9315288658370395, 0.00032717354622477238
8.183, 8.933772348304247, 0.00031588954489767345
8.217, 8.9361048367752325, 0.00030353004171317229
8.25, 8.9383872968153337, 0.00029087061760038575
8.283, 8.9406865050105022, 0.0002778332148579929
8.317, 8.9430765796952763, 0.00026400778230867825
8.35, 8.9454137414933541, 0.00025023107785421343
8.383, 8.9477654440521288, 0.00023612187057192233
8.417, 8.9502075668082473, 0.00022124253873151198
8.45, 8.9525915208537636, 0.00020678413751040839
8.483, 8.9549891242517354, 0.00019204292040718779
8.517, 8.9574612933496898, 0.00017676127365828448
8.55, 8.959882087374524, 0.00016235152793857451
8.583, 8.9623124364341091, 0.00014738149241137107
8.645, 8.9672546438872711, 0.00011397885824000071
8.645, 8.9672546438872711, 0.00011397885824000071
8.683, 8.9697100984247093, 9.6095818079190742e-05
8.717, 8.972275043231825, 7.6305561277038039e-05
8.748, 8.9747938669157534, 5.6898719264360294e-05
8.783, 8.9773266699113776, 3.7470710902685981e-05
8.815, 8.9799531481645669, 1.7469379642694985e-05
8.85, 8.9825160241427344, -1.8913583006379447e-06
8.882, 8.9850903622428344, -2.1174174998092342e-05
8.917, 8.987759007833926, -4.0978173914520175e-05
8.949, 8.9903623678040745, -6.0103184215132857e-05
8.983, 8.9929764890484787, -7.9100347112547064e-05
9.016, 8.995685341992548, -9.8552514528092131e-05
9.05, 8.9983268894878865, -0.00011727904313378162
9.083, 9.0009778563541953, -0.00013581868292171945
9.112, 9.0037231239266156, -0.00015473692289979659
9.15, 9.0063993571695189, -0.00017289335052874595
9.181, 9.0090848440126141, -0.00019081872134057155
9.217, 9.0118657601510677, -0.00020906031798912048
9.25, 9.0145759484092487, -0.000226513466644491
9.283, 9.0172947668014505, -0.00024369183136855471
9.35, 9.0228519069069435, -0.00027777207740463535
9.35, 9.0228519069069435, -0.00027777207740463535
9.383, 9.0255950107628475, -0.00029408459223050662
9.417, 9.0284418378559206, -0.00031064310019617047
9.45, 9.031215272733272, -0.00032640726124517449
9.483, 9.0339963265705183, -0.00034184328796119177
9.517, 9.0368740334442208, -0.00035740841968908885
9.578, 9.0424851547354699, -0.00038652792937125894
9.578, 9.0424851547354699, -0.00038652792937125894
9.617, 9.0453790272404007, -0.00040086313856464972
9.65, 9.0482068074617565, -0.00041438886491227127
9.683, 9.0510405332255957, -0.00042744971824026532
9.717, 9.0539707314240943, -0.00044040477035871972
9.75, 9.0568212876481962, -0.00045216536818023682
9.783, 9.0596760212761165, -0.00046357301356865683
9.817, 9.062615662825154, -0.00047463992735082472
9.85, 9.0654780546848492, -0.00048451590145589927
9.883, 9.0683163553228638, -0.00049501948784868319
9.916, 9.0712457353939122, -0.00050674667344391064
9.949, 9.0741118627775847, -0.00051864131026069108
9.982, 9.0769999307752673, -0.00053100050349639378
10.017, 9.0799936660897398, -0.00054318321823974987
10.05, 9.0829067604447733, -0.00055435592600934784
10.082, 9.0858245060189109, -0.00056486784125710102
10.117, 9.0888404463224735, -0.00057503810248372489
10.15, 9.0917742331744087, -0.00058426936464309968
10.183, 9.0947111456202538, -0.00059287020200747347
10.217, 9.0977440763311019, -0.00060109193506173984
10.25, 9.1006913731278765, -0.00060845122194824264
10.283, 9.1036389363162726, -0.0006152016862681815
10.317, 9.1066800027985533, -0.0006215401110390411
10.35, 9.1096319600327345, -0.00062709780514047552
10.383, 9.1125817731787269, -0.00063207997343559094
10.417, 9.1156227958564831, -0.00063663461921133896
10.449, 9.1185731224849214, -0.00064050245442792318
10.483, 9.1215192830627654, -0.00064383825465922815
10.517, 9.1245541874614791, -0.00064674536027395238
10.549, 9.1274963550849311, -0.00064908058089373406
10.583, 9.1304330111277032, -0.00065095701337512194
10.616, 9.1334569842394764, -0.00065242558938767928
10.649000000000001, 9.1363879852078149, -0.00065341589743183584
10.683, 9.1393122076117521, -0.00065399113343673934
10.717, 9.1423219374466864, -0.00065416178732200523
10.75, 9.1452375156240784, -0.00065391969987091013
10.783, 9.1481446406860627, -0.00065326599434878797
10.817, 9.1511350062146448, -0.00065215436795375682
10.85, 9.1540303452270937, -0.00065065638640383482
10.883, 9.1569157651660102, -0.00064878073137889013
10.916, 9.1598818027569191, -0.00064614202742263225
10.95, 9.1627545932305683, -0.0006431878160664408
10.983, 9.1656167450757611, -0.00064041702253242428
11.017, 9.1685486139972259, -0.00063685683103735979
11.05, 9.1713814566715843, -0.00063321108565272499
11.083, 9.1741984275536819, -0.00062978106968635504
11.117, 9.177108198480262, -0.00062616489283868245
11.15, 9.1799276195736113, -0.00062276538253132308
11.182, 9.1827364985303745, -0.00061888474185188027
11.217, 9.1856236894430374, -0.00061450771300496987
11.249, 9.188417930662192, -0.00061001630823438388
11.283, 9.1912017788307008, -0.00060531560869918517
11.317, 9.1940631232506469, -0.00060033067624221212
11.349, 9.1968311686807915, -0.00059544496820956026
11.382, 9.1995878392403228, -0.00059040379704415602
11.416, 9.2024208659554585, -0.00058488447042986751
11.45, 9.2051620647395005, -0.00057928778065056345
11.483, 9.2078926189405159, -0.00057353333026235478
11.517, 9.2106990247062051, -0.00056744906495697408
11.55, 9.2134144692673416, -0.00056141487976827417
11.583, 9.2161193281850284, -0.00055527721166884463
11.617, 9.2188991021200835, -0.00054885340986432149
11.65, 9.2215878740138209, -0.00054254343838510061
11.683, 9.224265987113144, -0.00053618008432801758
11.717, 9.2270181586343831, -0.00052957475356773392
11.75, 9.2296808423805654, -0.00052313647350034115
11.783, 9.2323328864103278, -0.0005166902698150634
11.817, 9.2350581074757958, -0.0005100437337142743
11.85, 9.237694578855379, -0.00050360479434309439
11.883, 9.2403203891801713, -0.0004971960700990239
11.914, 9.2430184883462818, -0.00049062734521391072
11.95, 9.2456284299969766, -0.00048430231336506863
11.983, 9.2482272773947596, -0.00047803576233522774
12.017, 9.2508969757482902, -0.00047162011191212368
12.05, 9.2534787857113461, -0.00046543024107133745
12.083, 9.2560490676876466, -0.00045927624464554059
12.116, 9.2586887977731127, -0.00045297255168831509
12.15, 9.261240396437314, -0.00044692489552144906
12.183, 9.2637785479526009, -0.00044094890012684224
12.216, 9.2663771925748613, -0.00043403057803307823
12.25, 9.2688831017300046, -0.00042711660199351033
12.283, 9.2713751710607095, -0.0004197316353315452
12.316, 9.2739624277368655, -0.00041193221615925635
12.35, 9.2764589465475122, -0.0004043788594321338
12.383, 9.2789347344304716, -0.00039711265485718153
12.417, 9.2814837399892927, -0.00038973398629460286
12.45, 9.2839479769627857, -0.00038269917455566931
12.483, 9.2864006069964162, -0.00037580242603837873
12.517, 9.2889199978559205, -0.00036885230708394218
12.55, 9.2913567996186117, -0.00036225152802844981
12.581, 9.2937833247329156, -0.0003558094627321523
12.617, 9.2962763900500853, -0.00034933557692749914
12.65, 9.2986879671212339, -0.00034321978297896874
12.683, 9.3010895833736047, -0.00033727787055030321
12.742, 9.3059440122066217, -0.0003257383439648031
12.742, 9.3059440122066217, -0.0003257383439648031
12.783, 9.308331264941847, -0.00032030100363319151
12.817, 9.310773658471474, -0.00031489596470299727
12.85, 9.3131358231604917, -0.00030983164448592328
12.882, 9.3154882086954434, -0.00030495101593176364
12.917, 9.3179051182333339, -0.00030011195617004558
12.949, 9.3202430060403572, -0.00029560396830154747
12.983, 9.3225712003868679, -0.0002912863542673581
13.016, 9.3249632284761557, -0.00028703175075861937
13.049, 9.3272770308219428, -0.00028309309481468827
13.083, 9.3295812171313326, -0.00027934627366943974
13.117, 9.331947882459005, -0.00027568233628776193
13.149000000000001, 9.334237120175878, -0.00027231699027403675
13.183, 9.3365168686958331, -0.00026914411569768762
13.216, 9.3388591188089958, -0.00026606854665812431
13.25, 9.3411247574927607, -0.00026327139778512757
13.281, 9.3433809422796656, -0.00026065966125212331
13.317, 9.3456988688418896, -0.00025815665287986752
13.35, 9.3479407740007847, -0.00025590907303631324
13.382, 9.3501729184807889, -0.00025384045583350085
13.417, 9.3524655913888406, -0.00025187654453652394
13.449, 9.3546824944698059, -0.00025011815849366065
13.483, 9.3568892050291996, -0.00024849226839360048
13.516, 9.359154687675165, -0.00024693816473485183
13.55, 9.3613437506613053, -0.0002455398404335457
13.583, 9.3635214051277238, -0.00024427325697932008
13.616, 9.3657564167311573, -0.00024307966415822762
13.649000000000001, 9.3679169652463852, -0.00024192271044402803
13.683, 9.3700616875311447, -0.00024012723969124586
13.717, 9.3722574719031257, -0.000238482481899098
13.75, 9.3743741945947878, -0.00023629263899177492
13.782, 9.3765079020527047, -0.00023451872547671868
13.817, 9.3786932322546814, -0.00023236167854837856
13.849, 9.3807987077838124, -0.00023055473769001251
13.883, 9.3829022130381379, -0.00022903172093665473
13.916, 9.3850605420105193, -0.00022748346035842272
13.95, 9.387148218778643, -0.00022605780872915607
13.982, 9.389226534655263, -0.00022471243881264059
14.015, 9.3913611632999086, -0.00022342266022625261
14.049, 9.3934257594894568, -0.00022224855848604588
14.083, 9.395481652873837, -0.00022115257002151825
14.116, 9.3975932281284109, -0.0002201055278704185
14.15, 9.3996357723082955, -0.00021916886878208482
14.182, 9.4016699435035047, -0.00021831012982308237
14.217, 9.4037599989520118, -0.00021750326523362941
14.25, 9.4057818203299632, -0.00021679388208289447
14.283, 9.4077953664005403, -0.00021615614164758898
14.317, 9.4098642382014326, -0.00021556992791827258
14.349, 9.4118655717333493, -0.00021506769341115889
14.383, 9.4138587276447083, -0.00021462765215281266
14.416, 9.4159066357277013, -0.00021423796327366899
14.45, 9.4178876813625809, -0.00021391898834968877
14.483, 9.419860610411682, -0.00021365704115146523
14.517, 9.421887720745362, -0.00021344594840720871
14.55, 9.423848625323096, -0.00021329640680011898
14.583, 9.4258014715004279, -0.00021319982147972419
14.617, 9.427807917771565, -0.00021315407537008849
14.649000000000001, 9.4297487940070983, -0.00021316036205580702
14.683, 9.4316816319126655, -0.00021321427592556631
14.716, 9.433667425349574, -0.00021331920595343154
14.75, 9.4355882261399806, -0.00021346702372453729
14.783, 9.4375009806754502, -0.0002136580816656758
14.839, 9.4413666842995916, -0.00021417747001959258
14.839, 9.4413666842995916, -0.00021417747001959258
14.883, 9.4432676189997196, -0.00021449480982737719
14.917, 9.4452102792291424, -0.00021486227645255287
14.949, 9.4470881577068528, -0.00021525320989674641
14.979, 9.4489582192102297, -0.00021567628737844812
15.017, 9.4508789644130182, -0.00021614353611421915
15.05, 9.452736731932557, -0.00021662569557183634
15.082, 9.4545865271734968, -0.00021706342142634703
15.117, 9.4564866790458773, -0.0002174961130020718
15.149000000000001, 9.4583243196433209, -0.00021791971237878277
15.182, 9.4601539363845308, -0.00021835311179822803
15.217, 9.4620330886976394, -0.00021895600727901571
15.249, 9.4638497371742645, -0.00021952387076425831
15.283, 9.4656582657866828, -0.00022006314879502195
15.316, 9.4675156609159394, -0.00022062723656020362
15.35, 9.469311388655262, -0.00022117156526240257
15.382, 9.4710998080923599, -0.00022141473268565582
15.417, 9.4729358172237585, -0.0002216862288620241
15.449, 9.4747098342185065, -0.0002220825150787424
15.482, 9.4764723405900693, -0.00022241556860344152
15.516, 9.4782833455778626, -0.00022241044638551826
15.55, 9.4800326974032352, -0.00022261841184078476
15.583, 9.4817739994358572, -0.00022266556939531932
15.616, 9.4835525953849942, -0.0002228106836639379
15.65, 9.4852790789367081, -0.00022339450977989581
15.683, 9.4870055214914313, -0.00022387407993698319
15.716, 9.4887815295868592, -0.00022460190714875192
15.75, 9.4904992010129234, -0.00022511349723742749
15.783, 9.4922095390830705, -0.00022552188690202378
15.816, 9.4939665189643154, -0.00022585409895363781
15.85, 9.4956662277731301, -0.00022610307192789291
15.883, 9.4973590665700556, -0.00022629466580243444
15.916, 9.4990985313553349, -0.00022645023976147551
15.95, 9.5007813553404148, -0.00022655352172999202
15.983, 9.5024575036895449, -0.00022661869358393756
16.017, 9.5041799230456743, -0.00022664413421555693
16.05, 9.5058463149130166, -0.00022663028246776748
16.083, 9.50750610103103, -0.00022658307505913982
16.117, 9.509211692308714, -0.00022650151955666599
16.149, 9.5108617827077158, -0.00022639314639599941
16.183, 9.5125052869346565, -0.00022625878518496659
16.216, 9.5141940865558432, -0.0002260960139835313
16.249, 9.515827859533788, -0.00022591746900985592
16.283, 9.5174550150659947, -0.00022572164660598736
16.345, 9.5207441842125426, -0.00022527877954735444
16.345, 9.5207441842125426, -0.00022527877954735444
16.383, 9.5223616927281984, -0.00022504283309250148
16.417, 9.5240165642278622, -0.0002247934773471784
16.449, 9.5256168711802012, -0.00022454677776236363
16.483, 9.527209643579944, -0.00022431813081930839
16.516, 9.5288445136352902, -0.00022406642673972554
16.55, 9.5304250028268083, -0.00022382048681983359
16.582, 9.531999082758233, -0.00022357383553840465
16.617, 9.5336165362869192, -0.00022331549898988817
16.683, 9.5367389404989069, -0.00022280155610635065
16.683, 9.5367389404989069, -0.00022280155610635065
16.716, 9.5383444307684329, -0.00022252821986024028
16.749, 9.5398932423593301, -0.00022226285713874592
16.782, 9.5414355291782122, -0.00022199246794565075
16.817, 9.5430200817763424, -0.00022171184020119606
16.85, 9.5445529815143786, -0.0002214352891276856
16.882, 9.5460797343446693, -0.00022115639824386952
16.916, 9.547648519348364, -0.00022086375249991941
16.95, 9.5491661697512509, -0.00022057514111918105
16.983, 9.5506776767837653, -0.00022028359097872707
17.017, 9.5522307625274028, -0.00021997850094568599
17.05, 9.5537331802922054, -0.00021967612256433428
17.083, 9.5552294348177185, -0.0002193617515505634
17.117, 9.5567666670762144, -0.00021901693105392915
17.15, 9.5582535180175814, -0.00021866566542707452
17.183, 9.559734061053712, -0.00021830416109736847
17.217, 9.5612550030191308, -0.00021792651922758027
17.249, 9.5627259871866368, -0.00021763316061472517
17.282, 9.5641906079132237, -0.00021732256279037717
17.317, 9.5656950409440142, -0.00021697603302523813
17.35, 9.5671499437326304, -0.00021662515026648951
17.417, 9.5700862793220605, -0.00021583108847106602
17.417, 9.5700862793220605, -0.00021583108847106602
17.45, 9.5715299212848741, -0.0002154452831956884
17.483, 9.5729619734652083, -0.00021491608411266589
17.516, 9.5744333575382932, -0.00021424043443623989
17.55, 9.5758548936682697, -0.0002136056371355969
17.583, 9.5772695628525479, -0.00021297246350672052
17.617, 9.5787193891365767, -0.00021240092241875801
17.65, 9.5801169612419237, -0.00021145296156534546
17.683, 9.5815160453066586, -0.00021055649304032906
17.717, 9.5829504733078874, -0.00020961219368005734
17.748, 9.5843373811008536, -0.00020883671043476858
17.783, 9.5857181725736798, -0.00020764496748240695
17.816, 9.5871216346115666, -0.00020683117995605127
17.85, 9.5884898726327989, -0.00020636506629868255
17.883, 9.5898591447131931, -0.00020578342232251357
17.916, 9.5912665402926649, -0.00020530007809938685
17.949, 9.5926279952523696, -0.00020471119862491662
17.983, 9.5939836671041476, -0.00020416603680901724
18.016, 9.5953763926482942, -0.00020355970581153237
18.05, 9.5967231723656532, -0.00020292677154339642
18.083, 9.5980644094234133, -0.00020227659778781717
18.117, 9.5994425811926352, -0.00020164323047389452
18.15, 9.600775783109059, -0.00020104593892649548
18.183, 9.602103491851592, -0.00020045731249837735
18.217, 9.6034676220858408, -0.00019984155504806881
18.25, 9.6047871976152539, -0.0001992243721482683
18.283, 9.6061013993583728, -0.00019858973295214458
18.316, 9.6074517076808998, -0.00019792089992873177
18.349, 9.6087577602269523, -0.0001972624913453415
18.383, 9.6100576087923084, -0.00019661457717712138
18.416, 9.611391379859862, -0.00019588600413420983
18.45, 9.6126801084669697, -0.00019516446061948901
18.483, 9.6139629815322198, -0.00019443404346408154
18.517, 9.6152814891185265, -0.00019367257430256428
18.55, 9.6165614104175301, -0.00019292395038811213
18.582, 9.6178320901692178, -0.00019217283222786928
18.617, 9.6191414308594361, -0.00019139178202911091
18.65, 9.6204049507773313, -0.00019063269307455634
18.683, 9.6216634947918322, -0.00018987286237547886
18.716, 9.6229569460175615, -0.00018908957232105771
18.749, 9.6242084776029646, -0.00018833017246953996
18.783, 9.6254551851293932, -0.00018757355491582305
18.817, 9.62673652744731, -0.00018679708244380286
18.849, 9.6279763191747012, -0.00018604834917901705
18.883, 9.6292113053379271, -0.00018530590495245605
18.917, 9.630480493582672, -0.00018454670062423498
18.949, 9.6317085003752343, -0.00018381707672660081
18.983, 9.6329317320054351, -0.00018309618104694742
19.016, 9.6341888280558354, -0.00018236241052179913
19.049, 9.635405123153145, -0.000181660145721034
19.083, 9.6366166782379139, -0.00018096900800265825
19.117, 9.6378617622242597, -0.00018026783556011151
19.149, 9.6390664262671759, -0.00017959922490939546
19.183, 9.6402663870466547, -0.00017894392394929379
19.216, 9.6414995486775545, -0.00017828200162818105
19.25, 9.6426926718956096, -0.00017765315093906095
19.283, 9.6438811313004145, -0.00017703833406060816
19.316, 9.6451021169264486, -0.00017642005121625682
19.349, 9.6462834503956429, -0.00017583563152331495
19.383, 9.6474601840374969, -0.00017526684835684919
19.417, 9.6486694882347326, -0.00017469625605342061
19.449, 9.64983953867217, -0.00017415796105794748
19.483, 9.6510050238533793, -0.00017363548024964447
19.517, 9.6522027555579193, -0.00017311288421264714
19.549, 9.6533615958343884, -0.00017262123386000937
19.583, 9.6545158996608738, -0.00017214531838807281
19.616, 9.6557021223596511, -0.00017167053056815908
19.65, 9.6568498057527155, -0.00017122461209334935
19.682, 9.6579929475095216, -0.00017079401109700129
19.717, 9.6591676186650179, -0.00017036461898729021
19.749, 9.6603039788087273, -0.00016996174755937746
19.782, 9.6614356959507166, -0.00016956906087943905
19.817, 9.6625984895558101, -0.00016917104714869093
19.849, 9.6637232841898832, -0.00016878808591448422
19.883, 9.664843418924562, -0.00016840599080326194
19.916, 9.6659942545066304, -0.00016799173444452488
19.95, 9.6671074262987435, -0.00016756523068850053
19.983, 9.6682159196761965, -0.00016714014763366384
20.017, 9.6693547142625196, -0.00016669604872097152
20.05, 9.6704561715681603, -0.0001662586561167087
20.082, 9.6715529612775271, -0.00016581581343832791
20.116, 9.6726797049136213, -0.00016535922836299034
20.15, 9.6737695168464644, -0.00016492452721879469
20.182, 9.6748547220692434, -0.00016448983132490706
20.217, 9.6759695549992664, -0.00016404092592342353
20.249, 9.6770477720308197, -0.00016355675643480233
20.283, 9.6781211840690027, -0.00016296126866258744
20.317, 9.6792238121433343, -0.00016234867671511641
20.35, 9.6802899871659918, -0.0001618395005280086
20.382, 9.6813505857877988, -0.00016133175120189736
20.417, 9.6824344295250651, -0.00016074052810378611
20.449, 9.6834783108821352, -0.00015969488257751464
20.482, 9.6845293681128837, -0.00015897371006517359
20.517, 9.6856063032975364, -0.0001581334187953898
20.55, 9.6866486304489126, -0.00015732417992423629
20.583, 9.6876853054454202, -0.00015657224055185131
20.615, 9.688749904457989, -0.00015555342227863784
20.65, 9.6897702489770765, -0.0001546948438153158
20.683, 9.6907769306514613, -0.00015419623227001892
20.717, 9.6918287298343735, -0.00015382312622953822
20.749, 9.6928474026955111, -0.00015340023339225901
20.783, 9.6938602217394934, -0.00015296279051994402
20.817, 9.6948990836240689, -0.0001525487641153925
20.85, 9.6959023057337959, -0.00015215762003478557
20.883, 9.6969008904947156, -0.00015175646485817432
20.916, 9.697927185710828, -0.00015133927236894758
20.95, 9.6989202740484828, -0.00015088608817392531
20.982, 9.6999095701447171, -0.00015042332296753873
21.017, 9.7009263531899119, -0.00014993699578168862
21.05, 9.7019102903875893, -0.00014947935353230082
21.083, 9.70289053914499, -0.00014903283506036464
21.116, 9.7038980319143153, -0.0001485835834163218
21.149, 9.7048729107824965, -0.00014814703192263652
21.183, 9.7058440725306987, -0.00014770636617452408
21.216, 9.7068422045713945, -0.00014724449487216065
21.25, 9.7078080387181345, -0.0001467857878438945
21.283, 9.7087702437025687, -0.00014631568835696623
21.316, 9.7097592235518597, -0.00014582266194967594
21.35, 9.7107162308375674, -0.00014533769947790569
21.383, 9.7116696344242417, -0.00014484672648771337
21.417, 9.7126495544737192, -0.00014433358947677126
21.45, 9.713597523514629, -0.00014382933467477592
21.483, 9.7145419027332061, -0.00014331923144805152
21.516, 9.7155125467070587, -0.00014278703667097324
21.55, 9.7164517966541002, -0.00014226559675114503
21.583, 9.717387498204328, -0.00014173646907478924
21.617, 9.7183492179226985, -0.00014116802324103513
21.65, 9.7192795704645203, -0.00014061082414690209
21.682, 9.7202063874803191, -0.00014004918475251599
21.717, 9.7211589631377606, -0.00013946599029550423
21.749, 9.7220807116396362, -0.00013889647581882762
21.783, 9.7229989405789041, -0.00013832461109042064
21.816, 9.7239426350447147, -0.00013773287974031096
21.85, 9.7248557027743132, -0.00013715728619584212
21.883, 9.7257651166849648, -0.0001365816480407985
21.917, 9.726699481527934, -0.00013598855556366313
21.949, 9.7276030905958066, -0.00013541369162337825
21.982, 9.7285032006291647, -0.00013484075174570746
22.016, 9.7294283235899126, -0.00013425247885889849
22.049, 9.7303235102928696, -0.00013368481123588683
22.081, 9.7312152905248528, -0.00013312160972931428
22.116, 9.7321318345902252, -0.00013254548508526593
22.15, 9.7330186986070686, -0.00013199131530336757
22.183, 9.7339021692995473, -0.00013144336191668086
22.217, 9.7348098960766301, -0.00013088538442904021
22.249, 9.7356882136283769, -0.00013035098624855615
22.283, 9.7365631754142328, -0.00012982476640793945
22.317, 9.7374624244760177, -0.00012929107286734307
22.349, 9.7383325425578366, -0.00012878217341595662
22.382, 9.7391993197340643, -0.00012828322608464149
22.416, 9.7400901386138177, -0.00012777944711970092
22.45, 9.7409520843304946, -0.00012730122211760477
22.483, 9.7418107047216989, -0.00012683360122842081
22.517, 9.7426931256576026, -0.00012636422110011376
22.55, 9.7435469326466286, -0.0001259207585451391
22.583, 9.7443974347920896, -0.00012548999607298451
22.617, 9.7452715018503504, -0.00012505916896123623
22.65, 9.7461172163674057, -0.00012465413626292234
22.683, 9.7469596486691241, -0.00012426261368835316
22.717, 9.7478254138480871, -0.00012387281875034977
22.75, 9.7486628667887452, -0.00012350904404167379
22.783, 9.7494970651975734, -0.00012316009406233958
22.817, 9.7503543823103769, -0.00012281533220448223
22.85, 9.7511838959818213, -0.00012249522058929596
22.883, 9.7520101935868411, -0.00012218973074193027
22.917, 9.7528593808211372, -0.00012188980959268773
22.95, 9.7536810193088233, -0.00012161335827934509
22.983, 9.7544994565821064, -0.00012135154489488628
23.017, 9.7553403013244342, -0.00012109671779913291
23.05, 9.7561538417752462, -0.00012086392511472866
23.083, 9.7569641926728945, -0.00012064548376004478
23.117, 9.7577969007250633, -0.00012043500622533555
23.149, 9.7586024199857277, -0.0001202451228431178
23.183, 9.7594045072192426, -0.00012006923504573902
23.217, 9.7602284876507266, -0.00011990185173072825
23.249, 9.7610254318040255, -0.00011975307092842805
23.283, 9.7618192445000993, -0.00011961649898000781
23.315, 9.7626349892348365, -0.00011948819423035156
23.349, 9.7634241429562643, -0.00011937547987126146
23.383, 9.7642100332057495, -0.0001192723989420601
23.417, 9.7650174530238978, -0.00011917413091925248
23.449, 9.765798383981469, -0.00011908500298708935
23.483, 9.7665759458505192, -0.00011900051835574938
23.517, 9.7673746213843309, -0.00011891611261639513
23.549, 9.7681469468946069, -0.00011882586369134398
23.582, 9.7689158273980805, -0.00011871144999461227
23.616, 9.7697055374691875, -0.00011859381929303291
23.65, 9.7704691793359011, -0.00011847871188598476
23.683, 9.7712294024562834, -0.00011836498582199502
23.716, 9.7720101865628948, -0.00011824853992124469
23.75, 9.772765145443131, -0.00011813467238875727
23.782, 9.7735165887848616, -0.00011802073077281625
23.816, 9.7742878467031975, -0.00011791366827300264
23.85, 9.7750323064641211, -0.00011784936364841504
23.883, 9.7757712545674043, -0.00011775466441910496
23.917, 9.7765274767857608, -0.00011763310708795236
23.95, 9.7772562574959707, -0.00011751333004222723
23.983, 9.777979823623637, -0.00011740327414796862
24.017, 9.7787217585093309, -0.0001173272017207427
24.05, 9.7794394298900169, -0.00011727331780037829
24.083, 9.780154840030832, -0.00011713771888625018
24.117, 9.7808905095598284, -0.0001169378196054598
24.15, 9.7816025799945816, -0.00011675733648501552
24.183, 9.782312162696698, -0.00011655727616105938
24.216, 9.7830415058083506, -0.00011634579888693314
24.249, 9.7837472951434314, -0.00011616376918851315
24.283, 9.7844498581813397, -0.00011599018043471683
24.317, 9.7851686202376218, -0.0001157786356755733
24.35, 9.7858581015027788, -0.00011554062639966801
24.382, 9.7865421268791657, -0.00011499277847936254
24.417, 9.787257458628396, -0.0001145293303534243
24.449, 9.7879515028983359, -0.00011414748484384452
24.483, 9.7886404665569273, -0.00011359720981207767
24.517, 9.7893497121227249, -0.00011307832501137363
24.55, 9.7900339449493643, -0.00011265055185124963
24.583, 9.7907160425129405, -0.0001122319323657667
24.617, 9.7914166650531165, -0.00011182496362093991
24.65, 9.7920943870548243, -0.00011122926603457862
24.682, 9.7927633353550707, -0.00011063230202835603
24.75, 9.7940893437294108, -0.00011023371731444206
24.75, 9.7940893437294108, -0.00011023371731444206
24.782, 9.79475871995745, -0.00011024968119954044
24.817, 9.7954468614690366, -0.00011017506712506073
24.85, 9.7961128848204133, -0.00011009872794556115
24.881, 9.7967764205482144, -0.00011002508376746327
24.916, 9.7974583171292249, -0.0001099634842637939
24.95, 9.7981197104314521, -0.00011005041806662386
24.982, 9.7987786593292636, -0.00011001965193917134
25.013, 9.7994557429770897, -0.00010996253387986375
25.05, 9.8001127576849481, -0.00010986830898548702
25.083, 9.8007651887964968, -0.00010979068722145797
25.117, 9.8014355417405366, -0.00010963379098182668
25.15, 9.8020840867318206, -0.00010949333773385273
25.182, 9.802730097431203, -0.00010932932104927432
25.217, 9.8033939556797929, -0.00010914670827407961
25.25, 9.8040362807933779, -0.00010894997457409793
25.282, 9.8046761320803935, -0.00010872665021246123
25.317, 9.8053337665322893, -0.00010849338419768641
25.349, 9.8059701291137813, -0.00010825018660143656
25.382, 9.806604079288654, -0.00010799450736480525
25.417, 9.8072556505950228, -0.00010771858692002906
25.45, 9.807886139200189, -0.0001074350337699849
25.482, 9.8085142351819368, -0.0001071422783935683
25.517, 9.8091597897501384, -0.00010683156336223736
25.55, 9.8097844579597382, -0.0001065207569017379
25.583, 9.8104067600695828, -0.0001062030736988109
25.617, 9.8110463804942203, -0.0001058704599133542
25.65, 9.8116653301581209, -0.00010553995108942155
25.683, 9.812281957307702, -0.00010520284075973221
25.717, 9.8129157488519994, -0.00010484878067907406
25.749, 9.81352905442089, -0.00010449913936765147
25.783, 9.8141400549957911, -0.00010414439167970391
25.817, 9.814768059672895, -0.00010377305657733052
25.849, 9.8153757607777088, -0.00010340766301478506
25.883, 9.8159811748218999, -0.00010303847014475551
25.916, 9.8166034331291741, -0.00010265461261149529
25.95, 9.8172055702015211, -0.00010227803906767454
25.983, 9.8178054349496655, -0.00010190092944316606
26.017, 9.8184219818311824, -0.00010151371869407634
26.049, 9.819018582796863, -0.00010113744372439942
26.082, 9.8196129239218735, -0.00010075892488977356
26.117, 9.8202237850666396, -0.00010036636074641554
26.15, 9.8208148821679391, -9.9983029145229397e-05
26.182, 9.8214037387285416, -9.9597463646900931e-05
26.217, 9.8220089628239187, -9.91984541902504e-05
26.249, 9.8225946041177075, -9.8808723759179928e-05
26.283, 9.8231780232280208, -9.8416707654787593e-05
26.316, 9.8237774829424716, -9.801077117562102e-05
26.35, 9.8243575408260391, -9.7614765005428895e-05
26.383, 9.824935405752095, -9.7216815001908001e-05
26.417, 9.8255293380413402, -9.6804807864196889e-05
26.45, 9.8261040567909781, -9.6402967483020391e-05
26.483, 9.8266765994866354, -9.5999139037624364e-05
26.517, 9.8272650573961435, -9.5581232070392382e-05
26.547, 9.8278344760084355, -9.5173767412134143e-05
26.583, 9.8284017350380957, -9.4764687863061327e-05
26.617, 9.8289845910848914, -9.4341497249206922e-05
26.65, 9.8295485833958303, -9.392911553832217e-05
26.682, 9.8301104440060456, -9.3515316816392661e-05
26.716, 9.830687927315692, -9.3087397051898167e-05
26.749, 9.8312467311155807, -9.2670418277021003e-05
26.783, 9.8318034204987743, -9.2252118231443689e-05
26.817, 9.8323755850361234, -9.1819458194217495e-05
26.85, 9.832929241014627, -9.1397937204146571e-05
26.883, 9.8334807990893562, -9.0975599052747731e-05
26.917, 9.8340476856417993, -9.0539580423848736e-05
26.95, 9.8345962279675092, -9.011492173230921e-05
26.983, 9.8351426865323148, -8.9689235285520777e-05
27.045, 9.8362477905210035, -8.8821207655919988e-05
27.045, 9.8362477905210035, -8.8821207655919988e-05
27.083, 9.8367913318143358, -8.8382007419819704e-05
27.114, 9.8373477797049418, -8.7945850100315959e-05
27.15, 9.8378861280516272, -8.7516054445532427e-05
27.183, 9.8384224227185157, -8.7084487392793586e-05
27.217, 9.8389736108795542, -8.6639487137672209e-05
27.25, 9.8395069543439231, -8.6196754758734095e-05
27.283, 9.8400382611390835, -8.5743218640005713e-05
27.317, 9.840584157907097, -8.527440872073755e-05
27.35, 9.8411123674384378, -8.4818550902975514e-05
27.382, 9.8416385559147948, -8.4362752916174627e-05
27.417, 9.8421793446750474, -8.3893110336000283e-05
27.45, 9.8427026089178291, -8.3437991463869847e-05
27.483, 9.8432238566291677, -8.2984417886053971e-05
27.517, 9.843759550780133, -8.2518573500172629e-05
27.55, 9.8442778676361353, -8.2068551497134894e-05
27.583, 9.8447941642991843, -8.1620783715896536e-05
27.617, 9.8453247393025922, -8.1162595291747923e-05
27.65, 9.8458380582237002, -8.0721397914225158e-05
27.682, 9.8463493034301557, -8.0284301597281836e-05
27.717, 9.8468745670699196, -7.9838021916089607e-05
27.749, 9.8473825986372372, -7.9409455461070509e-05
27.782, 9.8478884071043922, -7.8986116685739161e-05
27.817, 9.8484079020860502, -7.8555173196599338e-05
27.849, 9.8489101974768865, -7.8142501423653573e-05
27.883, 9.8494101693717511, -7.7735928326609134e-05
27.917, 9.8499235831735081, -7.732307007902752e-05
27.95, 9.8504199728989299, -7.692863217893109e-05
27.983, 9.8509141010843262, -7.6540824781843485e-05
28.01, 9.8514215909482701, -7.6147795000399091e-05
28.05, 9.8519142336686247, -7.5772013285488655e-05
28.082, 9.8524028410263718, -7.5404893004987867e-05
28.117, 9.8529046706079502, -7.503404239241617e-05
28.149, 9.8533900053456769, -7.4681506631776013e-05
28.183, 9.8538732648735579, -7.4336575889619833e-05
28.217, 9.8543697041666203, -7.3988770586837243e-05
28.249, 9.8548497619208408, -7.3658948727957298e-05
28.282, 9.8553275367905862, -7.3337151770238297e-05
28.316, 9.8558179327096074, -7.3013880462088681e-05
28.35, 9.8562914214833537, -7.2708710082513956e-05
28.383, 9.8567613850397997, -7.2413655905502003e-05
28.416, 9.8572415695875026, -7.2124937998399496e-05
28.449, 9.8577026471991864, -7.1867368543600079e-05
28.482, 9.8581579945327391, -7.1630347718158456e-05
28.516, 9.8586216910126101, -7.1403972585135103e-05
28.55, 9.859066547464213, -7.1199306358466096e-05
28.583, 9.8595063748384604, -7.1007658404264017e-05
28.616, 9.8599556678093752, -7.0821613931671971e-05
28.65, 9.8603888407088363, -7.0650544360143723e-05
28.683, 9.8608200428303849, -7.0487662171945278e-05
28.717, 9.8612643228656349, -7.0327156612693753e-05
28.749, 9.8616959615846849, -7.017819372092044e-05
28.782, 9.8621276117934276, -7.0035910552815483e-05
28.817, 9.8625728656110621, -6.9896066776475296e-05
28.85, 9.8630051337072828, -6.9766887092466578e-05
28.882, 9.8634370938687539, -6.964409075373882e-05
28.917, 9.8638823648692551, -6.9523806270043939e-05
28.983, 9.8647458038794671, -6.9308806768673061e-05
28.983, 9.8647458038794671, -6.9308806768673061e-05
29.016, 9.865190355015935, -6.9206561552726846e-05
29.048, 9.8656213468138851, -6.9112991335479456e-05
29.082, 9.8660515422050121, -6.9024704833858103e-05
29.116, 9.866494499189594, -6.8938879164633058e-05
29.15, 9.8669238220628124, -6.8859739822299952e-05
29.183, 9.8673521625319545, -6.878425865635592e-05
29.217, 9.8677930321119867, -6.8709640365894042e-05
29.25, 9.8682201807929566, -6.8639665903579339e-05
29.282, 9.8686462103453501, -6.857173168174608e-05
29.317, 9.8690845669886365, -6.8503079586467982e-05
29.349, 9.8695091605945642, -6.843725382681335e-05
29.383, 9.8699325308347046, -6.8348916145583364e-05
29.416, 9.8703679080352682, -6.8253848900852796e-05
29.447, 9.8707895058324038, -6.8160270329005191e-05
29.483, 9.8712097981729059, -6.8066490724102313e-05
29.517, 9.8716420587134426, -6.796996960660521e-05
29.549, 9.8720605816306328, -6.787596774815819e-05
29.583, 9.8724777458011861, -6.7781005258020345e-05
29.617, 9.8729067255531469, -6.7682322455782474e-05
29.65, 9.8733220134108439, -6.7586000931774013e-05
29.683, 9.8737358869045266, -6.748944142297752e-05
29.717, 9.8741614081362528, -6.7389910118975289e-05
29.749, 9.8745732809897717, -6.7292318472817906e-05
29.782, 9.8749836934987627, -6.7193796604344329e-05
29.817, 9.8754056047642518, -6.7091809391594124e-05
29.85, 9.8758139370490312, -6.6991739396165655e-05
29.883, 9.8762207668078279, -6.6924059995607073e-05
29.916, 9.8766389428820514, -6.6849647720362097e-05
29.95, 9.8770436321648987, -6.6779768884264734e-05
29.983, 9.8774468159697975, -6.6707914879867933e-05
30.017, 9.8778612208079899, -6.6626709766368599e-05
30.05, 9.8782622341921265, -6.6549913997550309e-05
30.083, 9.8786617301991591, -6.64695794239484e-05
30.117, 9.8790723135259721, -6.6383042730909595e-05
30.149, 9.8794695983342038, -6.6293559425964981e-05
30.183, 9.8798653509569618, -6.6202641971907505e-05
30.216, 9.880272062894953, -6.6113961133083544e-05
30.25, 9.8806655656111424, -6.6018807172472853e-05
30.283, 9.881057516721798, -6.5919985074659257e-05
30.317, 9.8814601769187789, -6.5819483018839635e-05
30.35, 9.8818497047050045, -6.5716632509349725e-05
30.382, 9.8822376609896807, -6.5611627921308515e-05
30.416, 9.8826362100184024, -6.5497506472627252e-05
30.45, 9.8830217487056586, -6.5328926073524e-05
30.482, 9.8834057060953171, -6.5150691956149617e-05
30.517, 9.8838002429050391, -6.4952247618289613e-05
30.55, 9.8841818066138458, -6.4761578108719504e-05
30.582, 9.8845618397667003, -6.4558826372125894e-05
30.617, 9.8849522167145132, -6.4332145186068863e-05
30.649, 9.8853298667564129, -6.4127223536463771e-05
30.682, 9.8857058484494171, -6.3901997566061464e-05
30.717, 9.8860918542809433, -6.3664702598938684e-05
30.749, 9.8864653372770306, -6.3431672415271571e-05
30.782, 9.8868372524654369, -6.3204615756892171e-05
30.817, 9.887218742493884, -6.2977441699644745e-05
30.85, 9.8875873131531566, -6.2756227620963453e-05
30.883, 9.8879536767204481, -6.2537948589845983e-05
30.917, 9.8883278392886886, -6.2314928695895251e-05
30.949, 9.888685659800327, -6.2070207063434318e-05
30.983, 9.8890356387925635, -6.1823160124721839e-05
31.016, 9.8893885345958381, -6.1536209458160155e-05
31.05, 9.8897329845756214, -6.1115570947217483e-05
31.082, 9.8900915036444559, -6.059709328262324e-05
31.117, 9.8904630927924178, -6.020726609980786e-05
31.15, 9.8908206723914489, -5.967101982147338e-05
31.183, 9.8911778549677969, -5.9190131688204958e-05
31.217, 9.8915436628718041, -5.8660420014124857e-05
31.282, 9.8922509173844251, -5.7670380738934312e-05
31.282, 9.8922509173844251, -5.7670380738934312e-05
31.316, 9.8926146493189169, -5.7158313992259484e-05
31.35, 9.8929654009727024, -5.6650320651209348e-05
31.383, 9.8933145682846551, -5.61483470370017e-05
31.416, 9.8936735864655994, -5.5606009564963461e-05
31.45, 9.8940207562554026, -5.5084937543588455e-05
31.482, 9.8943666303642885, -5.4551246964454976e-05
31.516, 9.8947219494125189, -5.399787617629736e-05
31.549, 9.8950655096612969, -5.3378908118737451e-05
31.582, 9.895405717441724, -5.269956235532333e-05
31.616, 9.8957495113736815, -5.2121344503062848e-05
31.649, 9.8960729815867161, -5.1687864076991722e-05
31.682, 9.8963867060665187, -5.1395073943018516e-05
31.717, 9.8967102551756785, -5.1176680720136888e-05
31.749, 9.8970311623388483, -5.1033299228941353e-05
31.782, 9.897362897283223, -5.1011560366042837e-05
31.817, 9.897708080773981, -5.0866043426744274e-05
31.85, 9.898041963847211, -5.0732426298211427e-05
31.883, 9.8983742753479529, -5.0618473024442514e-05
31.916, 9.8987158249102141, -5.0490659240371961e-05
31.949, 9.8990462078673431, -5.0375208560118406e-05
31.983, 9.8993752895115499, -5.0255035592936631e-05
32.017, 9.8997134609505277, -5.0129150078545017e-05
32.05, 9.9000405973758205, -5.0012693946403401e-05
32.082, 9.9003664846002053, -4.9891189006754001e-05
32.117, 9.90070140203904, -4.9760877232575925e-05
32.15, 9.9010258903664479, -4.9726384177614218e-05
32.182, 9.9013491464843604, -4.9617050838320569e-05
32.217, 9.9016813388527289, -4.9517192524719969e-05
32.249, 9.9020026449977756, -4.9414732659664354e-05
32.283, 9.902322609844493, -4.9307151253689485e-05
32.317, 9.9026513755810832, -4.9186884522702627e-05
32.349, 9.9029693781762731, -4.906790674970683e-05
32.382, 9.9032860712257307, -4.8942177700721373e-05
32.417, 9.9036114704264619, -4.8789448469467254e-05
32.45, 9.9039262307565661, -4.8654480655076442e-05
32.482, 9.9042396283182867, -4.8514194181624641e-05
32.517, 9.9045615466533263, -4.8355710354760501e-05
32.55, 9.9048729692891477, -4.8208719423540133e-05
32.583, 9.9051831447562719, -4.8057280122065786e-05
32.616, 9.9055018653061193, -4.7897143399275885e-05
32.65, 9.9058102125528205, -4.7743059078721109e-05
32.683, 9.9061173249892462, -4.7588197995329969e-05
32.717, 9.9064329036697547, -4.7426112248557017e-05
32.75, 9.9067382123011942, -4.7268956864275398e-05
32.783, 9.9070423009323143, -4.7111577947249151e-05
32.817, 9.9073546926733815, -4.6943394108335052e-05
32.85, 9.9076569218734871, -4.6784386978254391e-05
32.883, 9.9079579598707532, -4.6620087188421085e-05
32.916, 9.90826811897875, -4.6449918991902618e-05
32.95, 9.9085674709519527, -4.6306590839654966e-05
32.982, 9.908865607789755, -4.6160931872855653e-05
33.017, 9.909171984429447, -4.6012345399060569e-05
33.049, 9.9094683231144387, -4.5869256106690919e-05
33.083, 9.9097634885268775, -4.572703712426848e-05
33.117, 9.9100668105677983, -4.5580319356181203e-05
33.15, 9.910360234895137, -4.5437161809328047e-05
33.182, 9.9106523682981962, -4.5294249065986318e-05
33.217, 9.9109523044393679, -4.5147398794943222e-05
33.25, 9.9112420769706926, -4.5006393247055927e-05
33.283, 9.9115301759189691, -4.4867530299469094e-05
33.315, 9.9118257299095003, -4.472505533012485e-05
33.349, 9.9121112571242431, -4.4589949655676609e-05
33.382, 9.9123953257093049, -4.4459374463611394e-05
33.417, 9.9126869678337073, -4.4328493806830278e-05
33.45, 9.9129690333083822, -4.4205562234573786e-05
33.482, 9.9132500680985043, -4.4077883708006103e-05
33.517, 9.91353895924866, -4.3953721497705443e-05
33.549, 9.9138184810769499, -4.3803926548047969e-05
33.583, 9.9140969994798631, -4.3649886969334922e-05
33.617, 9.9143832437558892, -4.3491482070088818e-05
33.65, 9.914660285396204, -4.333840849576728e-05
33.682, 9.9149363355833326, -4.3186530387119379e-05
33.717, 9.915220116827566, -4.303145276740636e-05
33.75, 9.9154947623800691, -4.288266366818043e-05
33.782, 9.9157684039521943, -4.2736009821385152e-05
33.817, 9.9160496874221522, -4.2587399935021566e-05
33.883, 9.9165930856479925, -4.2308047313724223e-05
33.883, 9.9165930856479925, -4.2308047313724223e-05
33.916, 9.9168725292092912, -4.2168957617497574e-05
33.95, 9.9171422686264652, -4.2037733655189854e-05
33.982, 9.9174109589749264, -4.1910720011181004e-05
34.017, 9.9176871194166125, -4.178413052771142e-05
34.05, 9.9179543400646626, -4.1665628758455025e-05
34.083, 9.9182205365478371, -4.1551770949114982e-05
34.116, 9.9184940432409761, -4.1439346707294528e-05
34.149, 9.918758610844602, -4.1335162960628915e-05
34.216, 9.9192930310928649, -4.1139081207686145e-05
34.218, 9.9195559733699898, -4.1049875601568423e-05
34.218, 9.9195559733699898, -4.1049875601568423e-05
34.283, 9.9198189564180321, -4.0965431763107924e-05
34.317, 9.9200848894926299, -4.0885179696383938e-05
34.349, 9.9203445411137547, -4.0812241512063828e-05
34.382, 9.9206034498798434, -4.0745350457348238e-05
34.416, 9.9208697744712069, -4.0682702670405241e-05
34.45, 9.9211276762951446, -4.0628101069810058e-05
34.483, 9.9213847827855108, -4.0579729708291559e-05
34.517, 9.921649205606327, -4.0536373600131727e-05
34.55, 9.9219052230770242, -4.0500608650876852e-05
34.583, 9.9221604106549091, -4.0471081833926651e-05
34.617, 9.9224228206545799, -4.044708831774573e-05
34.649, 9.9226768539123427, -4.0429982522591453e-05
34.682, 9.9229300296913081, -4.0418889870163306e-05
34.717, 9.9231903378011843, -4.0413614006569513e-05
34.749, 9.9234423062197195, -4.0414342839797373e-05
34.782, 9.9236933947806865, -4.042067884525944e-05
34.817, 9.9239515279356656, -4.0432903731091577e-05
34.85, 9.9242012970662241, -4.0450065310812145e-05
34.882, 9.9244501666801384, -4.0472083702380796e-05
34.916, 9.9247059231220298, -4.0499608040631096e-05
34.982, 9.9252000440739661, -4.0566043446627986e-05
34.982, 9.9252000440739661, -4.0566043446627986e-05
35.017, 9.9254541601719861, -4.0606962308005732e-05
35.05, 9.9256994345208369, -4.0650526428747855e-05
35.083, 9.9259437236826233, -4.0697331400550387e-05
35.117, 9.9261947241112001, -4.0748996984320042e-05
35.149, 9.9264374808688824, -4.080214865950475e-05
35.182, 9.9266791308357369, -4.0857915111623101e-05
35.217, 9.9269272166452538, -4.0917961366208667e-05
35.25, 9.927166935133144, -4.0978472324472665e-05
35.283, 9.9274053308367378, -4.1040842115151666e-05
35.317, 9.9276498397184234, -4.1106883599777584e-05
35.35, 9.9278858929263869, -4.1172551734257773e-05
35.383, 9.9281204491784365, -4.1239418951261137e-05
35.416, 9.9283608289963379, -4.130945045052081e-05
35.45, 9.9285927332111861, -4.1378357432406124e-05
35.483, 9.9288230272745963, -4.1447853239126378e-05
35.517, 9.9290589213989335, -4.1519956159521514e-05
35.549, 9.9292864239867438, -4.1590237115043881e-05
35.582, 9.9295123185142184, -4.166055304273037e-05
35.617, 9.9297437294818316, -4.1733035227870996e-05
35.649, 9.9299669887698805, -4.1792021343856887e-05
35.682, 9.9301888172356456, -4.1842148653501594e-05
35.716, 9.9304161965250088, -4.1894076054463314e-05
35.749, 9.9306357627477979, -4.1944714180767209e-05
35.783, 9.9308541079580728, -4.1993758712317611e-05
35.817, 9.931078158846649, -4.2042468094020313e-05
35.849, 9.9312946681158927, -4.208851104935793e-05
35.882, 9.9315101105463732, -4.213269767605035e-05
35.917, 9.9317313146531365, -4.2177276319931725e-05
35.947, 9.9319451847804974, -4.2218878008712259e-05
36.016, 9.9323777991277851, -4.2302227167290623e-05
36.016, 9.9323777991277851, -4.2302227167290623e-05
36.049, 9.9325901081466323, -4.2354160223539475e-05
36.083, 9.9328006937635518, -4.2376322131553747e-05
36.117, 9.9330170486194476, -4.2408706525117753e-05
36.15, 9.933226374520995, -4.244366126469382e-05
36.183, 9.9334348957234493, -4.2477714542851483e-05
36.217, 9.9336491422081856, -4.2513154900093624e-05
36.249, 9.9338564794833673, -4.2544726677341996e-05
36.31, 9.9342753830407151, -4.2608823944037824e-05
36.31, 9.9342753830407151, -4.2608823944037824e-05
36.35, 9.9344815107151572, -4.2652648916398322e-05
36.383, 9.9346862529577926, -4.266861863936242e-05
36.417, 9.9348966703601711, -4.2697085134193506e-05
36.45, 9.9351003130172888, -4.2726537169362821e-05
36.483, 9.9353032092031608, -4.275155922817667e-05
36.517, 9.9355117566697224, -4.2777517536660981e-05
36.55, 9.9357135511884955, -4.2800053769527991e-05
36.583, 9.9359145316802291, -4.2825713859204317e-05
36.617, 9.9361210707262106, -4.2852267622758497e-05
36.649, 9.9363209330888349, -4.2875333156291399e-05
36.683, 9.9365199706784324, -4.2899754121701294e-05
36.716, 9.9367242355161132, -4.2942883608724034e-05
36.75, 9.9369225185789425, -4.2979436502708656e-05
36.783, 9.9371176948160951, -4.3207983125756356e-05
36.817, 9.9373164464641075, -4.3532144742501489e-05
36.85, 9.9375065507600997, -4.3584292198806087e-05
36.883, 9.9376930298979005, -4.3632845594908064e-05
36.916, 9.9378811940929612, -4.3686358167683142e-05
36.949, 9.9380598107637113, -4.3757773982742095e-05
36.982, 9.9382339684749557, -4.3859663353814256e-05
37.017, 9.9384088529060737, -4.3994778892714668e-05
37.05, 9.9385743228126344, -4.414833721019292e-05
37.082, 9.9387355685094985, -4.4318069315515585e-05
37.117, 9.9388976240147748, -4.4505068713917953e-05
37.15, 9.9390511056318367, -4.4694540670190926e-05
37.183, 9.9392008201501447, -4.4888610839400215e-05
37.217, 9.939351565443685, -4.5090831845265125e-05
37.249, 9.9394948721963008, -4.5269069544142353e-05
37.282, 9.9396356552907275, -4.5271153176522472e-05
37.317, 9.939778968539617, -4.5265370935996912e-05
37.35, 9.9399171366398704, -4.5327032616459956e-05
37.383, 9.9400551409627216, -4.5505993338852205e-05
37.417, 9.9401984402844885, -4.5690106283063606e-05
37.45, 9.9403395492246869, -4.5867425275656535e-05
37.482, 9.9404832582950302, -4.6039923623721617e-05
37.516, 9.9406339980571889, -4.6221661327277131e-05
37.55, 9.9407825360067132, -4.6398969086001982e-05
37.582, 9.9409330600182493, -4.6577446505590319e-05
37.617, 9.9410902217284427, -4.6761376590820575e-05
37.65, 9.9412444998870448, -4.6939575513676367e-05
37.683, 9.9414002440614038, -4.7116830485342714e-05
37.716, 9.9415623460294409, -4.7297720745182718e-05
37.75, 9.9417209844407566, -4.7471265258368629e-05
37.783, 9.9418806762086938, -4.7641954601004323e-05
37.817, 9.9420464444331902, -4.7813999884443652e-05
37.85, 9.9422082769660864, -4.7976958350192209e-05
37.883, 9.9423707946437041, -4.8134682083496885e-05
37.917, 9.9425390113560663, -4.829111461387109e-05
37.95, 9.9427027532743146, -4.8437281877849042e-05
37.982, 9.9428666173397229, -4.8578463991610556e-05
38.016, 9.943035636903673, -4.8718097486084292e-05
38.049, 9.9431995838487115, -4.8847656099900695e-05
38.083, 9.943363239286052, -4.8970530713289139e-05
38.117, 9.9435318647611801, -4.9090268978900696e-05
38.15, 9.9436954718002397, -4.9200251445785061e-05
38.183, 9.9438589586040855, -4.9304335403527489e-05
38.216, 9.9440276507397183, -4.9407286415534075e-05
38.25, 9.9441915908591429, -4.9497920171836843e-05
38.283, 9.9443555622578668, -4.9580775710661378e-05
38.316, 9.9445247483574644, -4.9656532964485133e-05
38.35, 9.944689029468476, -4.9721432260516647e-05
38.383, 9.9448532081881229, -4.9777225882840069e-05
38.417, 9.9450224282221402, -4.9824424533134723e-05
38.45, 9.9451866264141273, -4.9860443638226355e-05
38.483, 9.9453506171334976, -4.9886855843151512e-05
38.515, 9.945519542256223, -4.9902643031793649e-05
38.55, 9.9456833644482945, -4.9907719654718083e-05
38.582, 9.9458468981638575, -4.9902116576947969e-05
38.617, 9.9460153194050758, -4.9884653678295675e-05
38.649, 9.9461785829136886, -4.9856818295811481e-05
38.682, 9.9463414884008792, -4.981812175755705e-05
38.717, 9.9465091970168, -4.9765455268528018e-05
38.75, 9.9466716667135699, -4.9703392068292168e-05
38.783, 9.9468337258355852, -4.9630119811980301e-05
38.817, 9.9470005095832992, -4.9542199196372953e-05
38.849, 9.9471620387125217, -4.9445393307878879e-05
38.883, 9.9473231188246558, -4.9336695041887051e-05
38.917, 9.9474888590174064, -4.9211556582527117e-05
38.949, 9.9476493867337688, -4.9079065338720574e-05
38.983, 9.9478094383234321, -4.893514537680069e-05
39.017, 9.9479740807580832, -4.8774798500633755e-05
39.05, 9.9481335246027562, -4.8607102175519135e-05
39.083, 9.9482925048456874, -4.8429325851321762e-05
39.117, 9.9484560616752784, -4.8234030504031205e-05
39.149, 9.9486145877824903, -4.8032899380503933e-05
39.181, 9.9487728401083597, -4.7820572772573226e-05
39.216, 9.948935906125314, -4.7589618597289198e-05
39.249, 9.9490941804819553, -4.7354575484404191e-05
39.283, 9.9492524413426402, -4.7108825308653528e-05
39.316, 9.9494156557533628, -4.6843651266145829e-05
39.349, 9.9495740850292123, -4.6575644906183801e-05
39.382, 9.9497323943131253, -4.6297234739764838e-05
39.417, 9.949895567115659, -4.5999301749551376e-05
39.449, 9.9500538763695232, -4.5700088765072535e-05
39.483, 9.9502119849590169, -4.5391433982953428e-05
39.516, 9.9503748742646856, -4.5063592741800723e-05
39.55, 9.9505328426656234, -4.473647575637337e-05
39.583, 9.9506905460960482, -4.4401170406343777e-05
39.617, 9.9508529454596122, -4.4046802002829068e-05
39.65, 9.9510103653256383, -4.3694000020430826e-05
39.683, 9.9511674496607174, -4.3332971757998421e-05
39.717, 9.9513291500468242, -4.295240218806656e-05
39.749, 9.9514858424580108, -4.2575214555624682e-05
39.782, 9.9516421536485762, -4.2190937705937212e-05
39.817, 9.9518030121956027, -4.1787791969231594e-05
39.85, 9.951958847635419, -4.1390050148791202e-05
39.883, 9.9521142647611196, -4.098656922682143e-05
39.916, 9.9522741655586202, -4.0565097473520793e-05
39.95, 9.9524290393075781, -4.015094792562344e-05
39.983, 9.9525834648948344, -3.9732462222665638e-05
40.016, 9.9527423136010693, -3.9297117617395017e-05
40.05, 9.9528961388813908, -3.8870740326810827e-05
40.083, 9.9530494956420004, -3.8445939667829186e-05
40.116, 9.9532072220354362, -3.801030972915052e-05
40.15, 9.9533598935279368, -3.7633265020775694e-05
40.182, 9.953512068872433, -3.7267530147021288e-05
40.217, 9.9536685530659152, -3.6889116816922894e-05
40.249, 9.953820045270696, -3.6523221991929494e-05
40.282, 9.9539710311052119, -3.616178166782464e-05
40.317, 9.9541262778795545, -3.5792176793991358e-05
40.349, 9.9542765600765293, -3.5436462831874555e-05
40.383, 9.9544263290749715, -3.5085057682954103e-05
40.416, 9.9545803154681707, -3.4725437195546899e-05
40.45, 9.9547293700655768, -3.43791365257047e-05
40.482, 9.9548779090224766, -3.4036900266906742e-05
40.516, 9.9550309761232061, -3.3649212776295473e-05
40.55, 9.9551787871159743, -3.3271388906669713e-05
40.582, 9.9553260617961925, -3.2886450795032647e-05
40.617, 9.9554774640620085, -3.2490520642971209e-05
40.649, 9.9556239990874005, -3.2107460257096049e-05
40.682, 9.9557700070694644, -3.1726255486004573e-05
40.717, 9.9559200546212523, -3.133543556631576e-05
40.749, 9.9560652282948219, -3.095854216926691e-05
40.783, 9.956209871121505, -3.0584610703927116e-05
40.817, 9.9563585542616355, -3.0202269334833007e-05
40.85, 9.9565024444848262, -2.9834479341416494e-05
40.883, 9.9566458052210614, -2.9470473934042904e-05
40.913, 9.9567931640638676, -2.9099037920820435e-05
40.974, 9.9570778378540243, -2.8390241461365223e-05
40.974, 9.9570778378540243, -2.8390241461365223e-05
41.016, 9.9572242372792701, -2.8031379356839795e-05
41.049, 9.9573655453798899, -2.768773998757887e-05
41.083, 9.9575063055984909, -2.7349382897517632e-05
41.116, 9.9576509772395525, -2.7005925165010041e-05
41.149, 9.9577909663234649, -2.6677954503598003e-05
41.183, 9.9579304211839421, -2.635570921521941e-05
41.216, 9.9580737456145663, -2.6029463290999285e-05
41.25, 9.9582124254963826, -2.5718741882346212e-05
41.283, 9.9583505707324314, -2.5414226459674188e-05
41.316, 9.9584925439556891, -2.5106728667263761e-05
41.35, 9.9586299116962635, -2.481461760969907e-05
41.383, 9.9587667453362538, -2.4529064786260688e-05
41.417, 9.9589073662834782, -2.4241455304570678e-05
41.449, 9.9590434217360624, -2.3968934073175942e-05
41.483, 9.9591789445072596, -2.3703199211665779e-05
41.517, 9.9593182147050978, -2.3436232205668627e-05
41.55, 9.9594529235158635, -2.3183975021268992e-05
41.583, 9.9595871010179238, -2.2938618387687553e-05
41.617, 9.9597249882227299, -2.269274387147441e-05
41.65, 9.9598583951810067, -2.2460946697399677e-05
41.682, 9.9599912764725804, -2.2236048069764395e-05
41.716, 9.9601278292295437, -2.2011245750649502e-05
41.75, 9.9602599428099499, -2.1799851278490779e-05
41.782, 9.960391533659406, -2.1595259875363595e-05
41.816, 9.9605267582770907, -2.1391273908090083e-05
41.85, 9.9606575851051069, -2.1199938570956941e-05
41.883, 9.9607878926439906, -2.1015220645104253e-05
41.917, 9.9609217969921104, -2.0831511724911635e-05
41.95, 9.9610513451897162, -2.0659626393610348e-05
41.983, 9.9611803780077928, -2.0494092035474745e-05
42.016, 9.9613129714140261, -2.0329868236909226e-05
42.05, 9.9614412504635386, -2.017658929233172e-05
42.083, 9.9615690184360073, -2.0029325801599879e-05
42.117, 9.9617003114452842, -1.9883576999463568e-05
42.15, 9.9618273319040433, -1.9747876021055405e-05
42.183, 9.9619538458878587, -1.9617799209768202e-05
42.216, 9.9620838499951514, -1.9489346673545301e-05
42.249, 9.9622095892678395, -1.9370019733038285e-05
42.283, 9.9623348264060088, -1.9255873556427401e-05
42.316, 9.9624635205978471, -1.9143373472727753e-05
42.349, 9.9625880287338422, -1.9039037514133301e-05
42.383, 9.9627120423448492, -1.8939399356670613e-05
42.417, 9.9628394791404116, -1.8841350035282089e-05
42.45, 9.9629627705856958, -1.8750541563628376e-05
42.482, 9.9630855722138936, -1.8663923376218031e-05
42.516, 9.9632117635337298, -1.8578764038376909e-05
42.55, 9.9633338500534361, -1.8499945978586744e-05
42.583, 9.9634554551441106, -1.8424791588264652e-05
42.617, 9.9635804170801983, -1.8350931386788033e-05
42.649, 9.9637013142186053, -1.8282550987116242e-05
42.683, 9.9638217312257762, -1.8217305344879991e-05
42.717, 9.9639454724238234, -1.8153079753040279e-05
42.749, 9.9640651889039979, -1.8093514733223433e-05
42.783, 9.9641844303781113, -1.8036583840467713e-05
42.817, 9.9643069640047628, -1.7980377510638951e-05
42.849, 9.9644255126472174, -1.792806420667132e-05
42.883, 9.9645435914026343, -1.7877830385644698e-05
42.917, 9.9646649308227317, -1.7827985726940093e-05
42.95, 9.9647823247308303, -1.7781352600302042e-05
42.983, 9.9648992539907653, -1.7736294397422582e-05
43.017, 9.9650194128862886, -1.7691257251395083e-05
43.05, 9.9651356653312089, -1.7648762579494493e-05
43.083, 9.9652514583474066, -1.7607349236863874e-05
43.117, 9.965370450353138, -1.7565563208683706e-05
43.15, 9.9654855745279836, -1.7525742986987319e-05
43.183, 9.9656002431545421, -1.7470598201092763e-05
43.216, 9.9657180760645367, -1.7401679348413422e-05
43.25, 9.965832073677209, -1.7334992234077461e-05
43.283, 9.9659456176639001, -1.726870641144544e-05
43.317, 9.9660622956395724, -1.7199702885199743e-05
43.349, 9.9661751785979238, -1.7131360248378528e-05
43.383, 9.9662876143532788, -1.7061267949541825e-05
43.417, 9.9664031544324558, -1.6988511654717236e-05
43.45, 9.9665149373457265, -1.6917005074172813e-05
43.483, 9.9666262776773973, -1.6843778187077272e-05
43.516, 9.9667406928952218, -1.6767720826825069e-05
43.549, 9.9668513880760017, -1.669299107445591e-05
43.583, 9.9669616453790528, -1.6616587131801387e-05
43.617, 9.9670749479207377, -1.6537370354944687e-05
43.649, 9.9671845667280401, -1.6459591061796935e-05
43.683, 9.9672937519928642, -1.6380170767479149e-05
43.716, 9.9674059531449011, -1.6298347846404559e-05
43.749, 9.9675145074010985, -1.6220800661421915e-05
43.783, 9.9676226338294764, -1.6143161492009003e-05
43.817, 9.9677337479988406, -1.6062668321987361e-05
43.85, 9.9678412504131657, -1.5983530569928764e-05
43.883, 9.9679483282540371, -1.5903192648026024e-05
43.917, 9.9680583641549845, -1.5820748720395505e-05
43.949, 9.9681648206900384, -1.5756815327602104e-05
43.983, 9.9682708572687311, -1.5696070973695661e-05
44.016, 9.9683798222509026, -1.5634335103285757e-05
44.05, 9.9684852438614087, -1.557504484555378e-05
44.083, 9.9685902469215399, -1.5516125647023322e-05
44.149, 9.9688025457005409, -1.5398812006938028e-05
44.149, 9.9688025457005409, -1.5398812006938028e-05
44.183, 9.9689069496773328, -1.5337343109038572e-05
44.217, 9.9690138073889383, -1.5281402446016052e-05
44.25, 9.9691171740543272, -1.5224054965278443e-05
44.282, 9.9692201319526799, -1.516695648940261e-05
44.316, 9.9693259039297359, -1.5107598487168538e-05
44.35, 9.9694282367843172, -1.505052262147982e-05
44.382, 9.9695301639204352, -1.4993868557448308e-05
44.417, 9.9696349056115636, -1.4934813409964977e-05
44.45, 9.9697362416311623, -1.4877252506197497e-05
44.482, 9.9698371769886016, -1.4819429430956975e-05
44.516, 9.9699409003441097, -1.4758854738964351e-05
44.55, 9.9700412515267125, -1.4699465026573356e-05
44.582, 9.9701412058459269, -1.4639780410912275e-05
44.617, 9.9702439189012892, -1.4577167611728123e-05
44.65, 9.9703432902537248, -1.4515590428327471e-05
44.683, 9.9704422668332882, -1.4453222047399661e-05
44.717, 9.9705439752456915, -1.4387459132673707e-05
44.749, 9.9706423750552773, -1.4322544284139383e-05
44.783, 9.9707403842107176, -1.4256603838414036e-05
44.817, 9.9708410987188874, -1.4186973126103139e-05
44.85, 9.9709385374297721, -1.4118190525195993e-05
44.883, 9.9710355895322547, -1.4048280231509825e-05
44.917, 9.9711353201072388, -1.3974490566323814e-05
44.95, 9.971231805617057, -1.3901474738518077e-05
44.98, 9.971327907211684, -1.3827151913522121e-05
45.017, 9.9714266604611641, -1.3748604230710541e-05
45.049, 9.9715222002297352, -1.3670939171973712e-05
45.082, 9.9716173593300681, -1.3591923765058519e-05
45.117, 9.9717151432501847, -1.350839648183036e-05
45.15, 9.9718097445898781, -1.3425590384886823e-05
45.182, 9.9719039687062914, -1.3341248310268956e-05
45.217, 9.9720007917197382, -1.3252123295029074e-05
45.25, 9.9720944632918194, -1.3163784664398482e-05
45.282, 9.9721877611987537, -1.3073843256065127e-05
45.317, 9.9722836322667359, -1.2978919366213145e-05
45.35, 9.972376382733863, -1.2884897390445059e-05
45.383, 9.9724687630626931, -1.2789262630821159e-05
45.417, 9.9725636909560116, -1.268863121231154e-05
45.45, 9.9726555285318401, -1.2589087717575005e-05
45.483, 9.97274699886548, -1.2487978251383789e-05
45.517, 9.9728409910212736, -1.2381670702635827e-05
45.549, 9.9729319227308615, -1.2276623395448502e-05
45.583, 9.9730224905230518, -1.217006643819688e-05
45.617, 9.9731155549800903, -1.2058258440931499e-05
45.65, 9.9732055889258273, -1.194791512787389e-05
45.683, 9.9732952622782083, -1.1836152994166015e-05
45.75, 9.9734765515143202, -1.160381527754613e-05
45.75, 9.9734765515143202, -1.160381527754613e-05
45.783, 9.9735656930371039, -1.1491110128060014e-05
45.815, 9.9736569288190218, -1.1365403474623788e-05
45.85, 9.9737451777655775, -1.1245753937915654e-05
45.882, 9.9738330719139316, -1.1124114308250699e-05
45.916, 9.9739233875054971, -1.0997693785261274e-05
45.95, 9.9740107608973823, -1.0873405889729574e-05
45.983, 9.9740977833583084, -1.0748250841322383e-05
46.016, 9.9741872034621704, -1.0618159101776166e-05
46.05, 9.9742737105066848, -1.0490449165017703e-05
46.083, 9.9743598700364515, -1.0362051182381887e-05
46.117, 9.9744484033374565, -1.0228901698777146e-05
46.149, 9.9745340523410295, -1.0098222389959574e-05
46.182, 9.9746193571916635, -9.9671545276482385e-06
46.217, 9.9747070121518338, -9.8316303464084162e-06
46.25, 9.9747918111313325, -9.6986880487987129e-06
46.283, 9.9748762689190649, -9.5656979561664042e-06
46.316, 9.9749630526618365, -9.4285825325518237e-06
46.35, 9.9750470075201765, -9.2939800023459659e-06
46.383, 9.9751306230626717, -9.1594787991531605e-06
46.417, 9.9752165391465812, -9.0214396289770456e-06
46.45, 9.9752996529815672, -8.8860836165469607e-06
46.483, 9.9753824281328054, -8.7523673399579685e-06
46.517, 9.9754674765410911, -8.6148538742413422e-06
46.55, 9.97554974605249, -8.4809518829323041e-06
46.583, 9.9756316757287866, -8.3482977891730731e-06
46.617, 9.9757158513314739, -8.2125414819935889e-06
46.65, 9.9757972710558924, -8.0809582560556759e-06
46.682, 9.975878348691019, -7.9502806335776878e-06
46.717, 9.9759616397386317, -7.8221233448656889e-06
46.75, 9.9760421983630874, -7.7012857008881128e-06
46.782, 9.976122413242793, -7.5815800881874147e-06
46.816, 9.9762048137427062, -7.4596979469010142e-06
46.85, 9.9762845031525238, -7.3432137157447971e-06
46.882, 9.9763638445779375, -7.2252200149841835e-06
46.916, 9.976445338666144, -7.1030306917938707e-06
46.95, 9.9765241224428181, -6.9847883753006665e-06
46.983, 9.9766025526494655, -6.8675087006937231e-06
47.017, 9.9766831034152723, -6.7478584068857147e-06
47.05, 9.9767609896879375, -6.632355312973212e-06
47.083, 9.9768385191279503, -6.5174708571362608e-06
47.117, 9.9769181340360227, -6.4003549653404841e-06
47.149, 9.9769951050421408, -6.2875270924520182e-06
47.183, 9.9770717138951692, -6.1754334031135095e-06
47.216, 9.9771503737324032, -6.0611600889867906e-06
47.25, 9.9772264121696459, -5.951113138659851e-06
47.283, 9.9773020835547808, -5.8418730395195167e-06
47.317, 9.9773797486010753, -5.7304305736154982e-06
47.35, 9.977454815369768, -5.6234445663099661e-06
47.383, 9.9775295116828726, -5.5175140880047844e-06
47.416, 9.9776061892904391, -5.4098277443480536e-06
47.449, 9.9776802938693514, -5.3063635627808622e-06
47.482, 9.9777540228331496, -5.2039397923679594e-06
47.516, 9.9778296957671948, -5.1001159290420299e-06
47.55, 9.9779028185919998, -5.0004946086938866e-06
47.583, 9.9779755598156825, -4.9020306731609579e-06
47.617, 9.9780502077311208, -4.8023442364155668e-06
47.65, 9.9781223294704855, -4.7068834666086962e-06
47.683, 9.9781940647815706, -4.6126853294863167e-06
47.717, 9.9782676496586635, -4.5172043611646494e-06
47.75, 9.9783387350968038, -4.4262786566643482e-06
47.782, 9.9784094333588804, -4.3370429985058748e-06
47.817, 9.9784819693012636, -4.247248906367497e-06
47.849, 9.9785520377628707, -4.1616344585185709e-06
47.883, 9.9786217202356102, -4.0776573669680694e-06
47.917, 9.9786932106551607, -3.993566393167326e-06
47.95, 9.9787622698368779, -3.9145493149251187e-06
47.983, 9.9788309577278671, -3.8396534467580383e-06
48.017, 9.9789014412798771, -3.7371646836902415e-06
48.05, 9.9789695260623841, -3.6375733706230845e-06
48.083, 9.9790372405801087, -3.5382025765350998e-06
48.117, 9.9791067190945775, -3.4361308592139125e-06
48.149, 9.9791738409267978, -3.3375207329763368e-06
48.183, 9.9792406027343947, -3.2395206647358222e-06
48.217, 9.9793091094229407, -3.1391251785558533e-06
48.25, 9.9793752804640867, -3.0424391636312036e-06
48.283, 9.9794411022404255, -2.9466192356156755e-06
48.317, 9.9795086326123865, -2.848796889384928e-06
48.35, 9.9795738852311349, -2.7548177338816259e-06
48.383, 9.9796388023079867, -2.6619727392030283e-06
48.417, 9.9797054312376616, -2.5674628703851168e-06
48.449, 9.9797698202446181, -2.4769835749634289e-06
48.482, 9.9798338839443996, -2.3879176828530308e-06
48.517, 9.9798996428686699, -2.2976053881065867e-06
48.549, 9.9799631964933653, -2.2114826802294186e-06
48.583, 9.9800264341818714, -2.1270532341954079e-06
48.616, 9.9800913318967552, -2.041861872208778e-06
48.649, 9.9801540576169927, -1.9609916787947448e-06
48.683, 9.9802164771845199, -1.8820832118603097e-06
48.717, 9.9802805594241288, -1.8028180824702355e-06
48.75, 9.980342502836745, -1.7280046164375849e-06
48.782, 9.9804041482224779, -1.6554309667867142e-06
48.817, 9.9804674401513118, -1.5829820372160644e-06
48.849, 9.9805286239819679, -1.5150372248324591e-06
48.883, 9.9805895177300066, -1.4495925098340889e-06
48.917, 9.9806520424184875, -1.3847886818044024e-06
48.95, 9.9807124888626984, -1.3245196237057456e-06
48.983, 9.9807726529508489, -1.2669815325647146e-06
49.013, 9.9808344151781192, -1.2105853360180664e-06
49.05, 9.9808941255082164, -1.15883292045966e-06
49.083, 9.980953553075345, -1.1103812678663376e-06
49.117, 9.9810145720403671, -1.0637669377264266e-06
49.15, 9.9810735644877742, -1.0216524082779793e-06
49.182, 9.9811322831870068, -9.8271080213323546e-07
49.217, 9.9811925838242956, -9.4572716853077624e-07
49.249, 9.9812508956484773, -9.1260767190456802e-07
49.283, 9.9813089513934816, -8.8240111582618041e-07
49.317, 9.981368583419183, -8.5434424041491675e-07
49.35, 9.9814262532958402, -8.3012328661115162e-07
49.383, 9.9814836728180829, -8.0894609828704891e-07
49.417, 9.9815426535684075, -7.9034019468831272e-07
49.45, 9.9815996955030908, -7.7540896757971193e-07
49.482, 9.981656491235567, -7.6363605474017318e-07
49.516, 9.9817148153852564, -7.5486693362526148e-07
49.549, 9.9817712224452535, -7.4959542470919719e-07
49.583, 9.9818273869326664, -7.4759283449547128e-07
49.616, 9.9818850796816818, -7.4900996045351422e-07
49.65, 9.9819408611275673, -7.5372763092276007e-07
49.682, 9.9819964009611724, -7.6176523266732605e-07
49.716, 9.9820534520876105, -7.7355137941292582e-07
49.75, 9.982108628136114, -7.8833282342977974e-07
49.783, 9.9821635658190324, -8.0639360920832841e-07
49.816, 9.9822199978182944, -8.2844432681515025e-07
49.85, 9.982274574481389, -8.5310752772029376e-07
49.883, 9.9823289149064465, -8.8093401436612601e-07
49.917, 9.9823847328454356, -9.1292544664572917e-07
49.95, 9.9824387149367322, -9.4710616015603629e-07
49.983, 9.9824924628723153, -9.8428972766500106e-07
50.017, 9.9825476720620863, -1.0257363453361283e-06
50.05, 9.9826010652728243, -1.0688931715091133e-06
50.082, 9.9826542269596743, -1.114824933536963e-06
50.117, 9.9827088338594088, -1.165044872145732e-06
50.15, 9.9827616439658655, -1.2165002767298149e-06
50.183, 9.9828142248548577, -1.2708516477703413e-06
50.217, 9.9828682198761829, -1.3296594081140478e-06
50.249, 9.9829204373314226, -1.3891866637704656e-06
50.283, 9.9829724289169111, -1.4509405540330016e-06
50.317, 9.9830258348294514, -1.5168477344739913e-06
50.35, 9.9830774835327603, -1.5829471857355423e-06
50.383, 9.983128908619495, -1.650921026314951e-06
50.416, 9.9831817325046259, -1.722898938243512e-06
50.45, 9.9832328177141143, -1.7945182402856301e-06
50.482, 9.9832836816004171, -1.8676596552802796e-06
50.517, 9.983335929274828, -1.9445680620114718e-06
50.55, 9.9833864570385309, -2.0206266217509054e-06
50.583, 9.9834367662777659, -2.0978985116803742e-06
50.616, 9.9834884452751158, -2.1788259816284564e-06
50.649, 9.9835384140752037, -2.261934004966554e-06
50.682, 9.9835882171804435, -2.3384226646565081e-06
50.717, 9.9836394506415278, -2.3806622978267366e-06
50.75, 9.9836890496934565, -2.405867181582599e-06
50.782, 9.9837384504287918, -2.4293293466839246e-06
50.816, 9.98378920549208, -2.4552037187767834e-06
50.85, 9.983838303023516, -2.4808912766223316e-06
50.883, 9.9838872044089726, -2.5044310590425818e-06
50.917, 9.9839374428080347, -2.5590652591403962e-06
50.95, 9.9839858898975482, -2.6395011428911155e-06
50.983, 9.9840341538592554, -2.7312061293349078e-06
51.017, 9.9840837525916495, -2.8305258976504943e-06
51.05, 9.9841317335961506, -2.9276155759227471e-06
51.083, 9.9841795201871459, -3.0247637979165596e-06
51.116, 9.9842286209418685, -3.1245696854118945e-06
51.15, 9.9842761147480132, -3.2205200997098302e-06
51.183, 9.9843234173742808, -3.3156012436316706e-06
51.217, 9.9843720249164356, -3.4125349969210139e-06
51.249, 9.9844190459654154, -3.5056834096824049e-06
51.283, 9.984466054687628, -3.5895398025046955e-06
51.317, 9.9845141806814013, -3.6888263087071758e-06
51.35, 9.9845607274496331, -3.7791728623916953e-06
51.383, 9.9846070880374516, -3.8682666289538797e-06
51.417, 9.9846547287530818, -3.9585304815914427e-06
51.45, 9.9847008131982893, -4.0449761067306817e-06
51.482, 9.9847467119776834, -4.1299864377531183e-06
51.516, 9.9847938630405881, -4.2155253981620829e-06
51.549, 9.9848394704360874, -4.2974524216849871e-06
51.583, 9.9848848927245903, -4.3774268703728631e-06
51.617, 9.9849315668407641, -4.4576559859003262e-06
51.65, 9.9849767131868905, -4.5335074637978842e-06
51.683, 9.9850216750508292, -4.6070612887664603e-06
51.717, 9.9850678748009827, -4.6801549728521111e-06
51.75, 9.9851125603436763, -4.7485827262451271e-06
51.783, 9.9851570612512113, -4.8142104550073259e-06
51.816, 9.9852027729819994, -4.8783963207876847e-06
51.849, 9.9852469941032371, -4.9361010111389909e-06
51.882, 9.9852910358151661, -4.9896790374866593e-06
51.917, 9.9853362721805752, -5.0412853620884188e-06
51.949, 9.9853800315116068, -5.0867885507943351e-06
51.983, 9.9854236129843734, -5.1277566294685163e-06
52.05, 9.9855116882227257, -5.1981480689777764e-06
52.05, 9.9855116882227257, -5.1981480689777764e-06
52.083, 9.9855549810788578, -5.2255890351268251e-06
52.117, 9.9855992706905212, -5.2510001327858114e-06
52.149, 9.9856421102132362, -5.2710428504633772e-06
52.182, 9.9856847709058236, -5.2867632514046231e-06
52.216, 9.9857286002782981, -5.2982154730637257e-06
52.25, 9.9857709893553714, -5.3048516183028078e-06
52.283, 9.9858131982166789, -5.306992857026131e-06
52.317, 9.9858565634989525, -5.304174459101232e-06
52.35, 9.9858985030885208, -5.2967397776647788e-06
52.382, 9.9859402629488141, -5.2846657111391059e-06
52.417, 9.9859831655396505, -5.267033429472551e-06
52.45, 9.9860246562342176, -5.2450767837398004e-06
52.483, 9.9860659675771686, -5.2183237818713752e-06
52.516, 9.9861084082273752, -5.1853822561349403e-06
52.549, 9.9861494509717161, -5.1484121217056792e-06
52.583, 9.9861903148930811, -5.1064789472883454e-06
52.617, 9.9862322943751067, -5.0577341259693952e-06
52.649, 9.9862728865034889, -5.0057178645907189e-06
52.683, 9.9863132976600539, -4.9492734006179608e-06
52.717, 9.9863548117298375, -4.8858749799153598e-06
52.75, 9.9863949554397351, -4.8194731531958557e-06
52.783, 9.9864349191545863, -4.7484793940898117e-06
52.816, 9.9864759696433065, -4.6702676083526438e-06
52.85, 9.9865156508628345, -4.5898160019163969e-06
52.883, 9.9865551555358962, -4.5047390943295915e-06
52.917, 9.9865957342728375, -4.4119516847251279e-06
52.949, 9.9866349570596835, -4.3174794775422406e-06
52.983, 9.9866740039316557, -4.2185693451599416e-06
53.015, 9.986714112572125, -4.1115908646511232e-06
53.049, 9.9867528936827039, -4.0029310857846916e-06
53.083, 9.9867914992687474, -3.8896103515735488e-06
53.117, 9.986831155093526, -3.7673013130162278e-06
53.149, 9.9868694958204092, -3.6437746536940105e-06
53.183, 9.986907665104205, -3.5156036093483386e-06
53.216, 9.9869468737044258, -3.3782368857625117e-06
53.25, 9.9869847810845993, -3.2404122333212459e-06
53.283, 9.9870225160628596, -3.0983104216457687e-06
53.317, 9.9870612635436178, -2.9470128500320404e-06
53.35, 9.987098722380237, -2.7958079772749088e-06
53.383, 9.9871360127377216, -2.6404055626352211e-06
53.416, 9.9871743205070267, -2.475257463872351e-06
53.45, 9.9872113568366387, -2.3108036995610348e-06
53.482, 9.987248227667493, -2.1421464124399392e-06
53.516, 9.9872860997348276, -1.9629329772239224e-06
53.55, 9.9873227087005816, -1.7842026312045116e-06
53.582, 9.9873591495225291, -1.6006037048157269e-06
53.616, 9.9873965739591686, -1.4051549809383451e-06
53.649, 9.987432744391139, -1.2104086637951802e-06
53.683, 9.9874687428802744, -1.0104253848695804e-06
53.717, 9.9875057052820786, -7.9755164154847672e-07
53.75, 9.987541430454165, -5.8523956668822918e-07
53.783, 9.9875769171331932, -3.9596547617441321e-07
53.816, 9.9876131625825977, -2.4093265038723568e-07
53.85, 9.987648069467447, -1.0943985224168084e-07
53.883, 9.9876827533617778, 1.309889786628733e-08
53.916, 9.9877183347935343, 1.3635643612311627e-07
53.95, 9.9877527092543232, 2.5656705904245525e-07
53.983, 9.9877868982693769, 3.7647245970750021e-07
54.016, 9.9878219688445924, 4.9939503551929359e-07
54.05, 9.9878558407051603, 6.3500700541543298e-07
54.082, 9.9878900337422554, 8.3277014409710047e-07
54.117, 9.9879250137991153, 1.0095296006724121e-06
54.149, 9.98795894562668, 1.1850532450284353e-06
54.183, 9.9879926595761059, 1.3578269937204565e-06
54.217, 9.9880273090653766, 1.5368303640174682e-06
54.25, 9.9880607881265586, 1.7093528648662532e-06
54.283, 9.9880941208679896, 1.881459988169348e-06
54.317, 9.9881283350889927, 2.0580198876953415e-06
54.35, 9.9881614059329369, 2.2283799756654202e-06
54.383, 9.9881943235096955, 2.3978186037496538e-06
54.416, 9.9882281168129694, 2.5712594909036347e-06
54.45, 9.9882607793326788, 2.738260375770288e-06
54.483, 9.9882932842100516, 2.9038209444685555e-06
54.516, 9.9883266497644012, 3.0729123810184778e-06
54.55, 9.9883588956955656, 3.235416205342423e-06
54.582, 9.9883909756781968, 3.3959957979263094e-06
54.616, 9.9884238898052828, 3.5592422679022687e-06
54.65, 9.9884556889892622, 3.7156015703862894e-06
54.683, 9.9884873165232975, 3.869735250476972e-06
54.717, 9.9885197649786779, 4.0265405091737161e-06
54.75, 9.9885511092126738, 4.1762655568897447e-06
54.782, 9.9885822722797855, 4.323216334253941e-06
54.817, 9.9886142468854526, 4.4723668103318042e-06
54.849, 9.9886451366869409, 4.6148431140059214e-06
54.883, 9.9886758527844624, 4.7547124014353986e-06
54.917, 9.9887073585046569, 4.8961681238685327e-06
54.95, 9.9887377888093418, 5.0312105167618729e-06
54.983, 9.9887680416090046, 5.1634518306170268e-06
55.017, 9.9887990725073248, 5.2971939854349137e-06
55.049, 9.9888290654937215, 5.4253386834978421e-06
55.082, 9.988858871991674, 5.5505744750955755e-06
55.116, 9.9888894665801597, 5.6778360725461512e-06
55.15, 9.9889190150531419, 5.7975928496381444e-06
55.183, 9.988948408456567, 5.9096300290085954e-06
55.217, 9.988978568464006, 6.0218724842241e-06
55.25, 9.9890077034202776, 6.1285122213407843e-06
55.283, 9.9890366503392709, 6.2320018306922231e-06
55.317, 9.9890662979690354, 6.3348240790037461e-06
55.35, 9.9890948141626232, 6.4247593240761315e-06
55.383, 9.9891225401121115, 6.5091082494969397e-06
55.417, 9.9891495396500911, 6.581014878690055e-06
55.45, 9.9891735661927044, 6.6012347879316834e-06
55.483, 9.9891960055081039, 6.6230637840939513e-06
55.517, 9.9892193845608919, 6.6487614402155255e-06
55.55, 9.9892256227338674, 6.8868750765941266e-06
55.582, 9.9892277273719561, 6.9115597492960249e-06
55.617, 9.9892297463605075, 6.9358762017378389e-06
55.65, 9.9892317067731806, 6.9523192122461437e-06
55.683, 9.9892336538909792, 6.9653997384383031e-06
55.716, 9.989235639306127, 6.976851707011049e-06
55.75, 9.9892375476068977, 6.9864598911903243e-06
55.782, 9.9892394401793787, 6.9948708341917348e-06
